LLGFileCreator2D: 2D_hom_Slab
    10    10    1
5.000000e-07   5.000000e-07   5.000000e-07   0.000000e+00   0.000000e+00   0.000000e+00
1.500000e-06   5.000000e-07   5.000000e-07   0.000000e+00   0.000000e+00   0.000000e+00
2.500000e-06   5.000000e-07   5.000000e-07   0.000000e+00   0.000000e+00   0.000000e+00
3.500000e-06   5.000000e-07   5.000000e-07   0.000000e+00   0.000000e+00   0.000000e+00
4.500000e-06   5.000000e-07   5.000000e-07   0.000000e+00   0.000000e+00   0.000000e+00
5.500000e-06   5.000000e-07   5.000000e-07   0.000000e+00   0.000000e+00   0.000000e+00
6.500000e-06   5.000000e-07   5.000000e-07   0.000000e+00   0.000000e+00   0.000000e+00
7.500000e-06   5.000000e-07   5.000000e-07   0.000000e+00   0.000000e+00   0.000000e+00
8.500000e-06   5.000000e-07   5.000000e-07   0.000000e+00   0.000000e+00   0.000000e+00
9.500000e-06   5.000000e-07   5.000000e-07   0.000000e+00   0.000000e+00   0.000000e+00
5.000000e-07   1.500000e-06   5.000000e-07   0.000000e+00   0.000000e+00   0.000000e+00
1.500000e-06   1.500000e-06   5.000000e-07   0.000000e+00   0.000000e+00   0.000000e+00
2.500000e-06   1.500000e-06   5.000000e-07   0.000000e+00   0.000000e+00   0.000000e+00
3.500000e-06   1.500000e-06   5.000000e-07   0.000000e+00   0.000000e+00   0.000000e+00
4.500000e-06   1.500000e-06   5.000000e-07   0.000000e+00   0.000000e+00   0.000000e+00
5.500000e-06   1.500000e-06   5.000000e-07   0.000000e+00   0.000000e+00   0.000000e+00
6.500000e-06   1.500000e-06   5.000000e-07   0.000000e+00   0.000000e+00   0.000000e+00
7.500000e-06   1.500000e-06   5.000000e-07   0.000000e+00   0.000000e+00   0.000000e+00
8.500000e-06   1.500000e-06   5.000000e-07   0.000000e+00   0.000000e+00   0.000000e+00
9.500000e-06   1.500000e-06   5.000000e-07   0.000000e+00   0.000000e+00   0.000000e+00
5.000000e-07   2.500000e-06   5.000000e-07   0.000000e+00   0.000000e+00   0.000000e+00
1.500000e-06   2.500000e-06   5.000000e-07   0.000000e+00   0.000000e+00   0.000000e+00
2.500000e-06   2.500000e-06   5.000000e-07   0.000000e+00   0.000000e+00   0.000000e+00
3.500000e-06   2.500000e-06   5.000000e-07   0.000000e+00   0.000000e+00   0.000000e+00
4.500000e-06   2.500000e-06   5.000000e-07   0.000000e+00   0.000000e+00   0.000000e+00
5.500000e-06   2.500000e-06   5.000000e-07   0.000000e+00   0.000000e+00   0.000000e+00
6.500000e-06   2.500000e-06   5.000000e-07   0.000000e+00   0.000000e+00   0.000000e+00
7.500000e-06   2.500000e-06   5.000000e-07   0.000000e+00   0.000000e+00   0.000000e+00
8.500000e-06   2.500000e-06   5.000000e-07   0.000000e+00   0.000000e+00   0.000000e+00
9.500000e-06   2.500000e-06   5.000000e-07   0.000000e+00   0.000000e+00   0.000000e+00
5.000000e-07   3.500000e-06   5.000000e-07   0.000000e+00   0.000000e+00   0.000000e+00
1.500000e-06   3.500000e-06   5.000000e-07   0.000000e+00   0.000000e+00   0.000000e+00
2.500000e-06   3.500000e-06   5.000000e-07   0.000000e+00   0.000000e+00   0.000000e+00
3.500000e-06   3.500000e-06   5.000000e-07   7.071068e-01   7.071068e-01   0.000000e+00
4.500000e-06   3.500000e-06   5.000000e-07   7.071068e-01   7.071068e-01   0.000000e+00
5.500000e-06   3.500000e-06   5.000000e-07   7.071068e-01   7.071068e-01   0.000000e+00
6.500000e-06   3.500000e-06   5.000000e-07   7.071068e-01   7.071068e-01   0.000000e+00
7.500000e-06   3.500000e-06   5.000000e-07   7.071068e-01   7.071068e-01   0.000000e+00
8.500000e-06   3.500000e-06   5.000000e-07   0.000000e+00   0.000000e+00   0.000000e+00
9.500000e-06   3.500000e-06   5.000000e-07   0.000000e+00   0.000000e+00   0.000000e+00
5.000000e-07   4.500000e-06   5.000000e-07   0.000000e+00   0.000000e+00   0.000000e+00
1.500000e-06   4.500000e-06   5.000000e-07   0.000000e+00   0.000000e+00   0.000000e+00
2.500000e-06   4.500000e-06   5.000000e-07   0.000000e+00   0.000000e+00   0.000000e+00
3.500000e-06   4.500000e-06   5.000000e-07   7.071068e-01   7.071068e-01   0.000000e+00
4.500000e-06   4.500000e-06   5.000000e-07   7.071068e-01   7.071068e-01   0.000000e+00
5.500000e-06   4.500000e-06   5.000000e-07   7.071068e-01   7.071068e-01   0.000000e+00
6.500000e-06   4.500000e-06   5.000000e-07   7.071068e-01   7.071068e-01   0.000000e+00
7.500000e-06   4.500000e-06   5.000000e-07   7.071068e-01   7.071068e-01   0.000000e+00
8.500000e-06   4.500000e-06   5.000000e-07   0.000000e+00   0.000000e+00   0.000000e+00
9.500000e-06   4.500000e-06   5.000000e-07   0.000000e+00   0.000000e+00   0.000000e+00
5.000000e-07   5.500000e-06   5.000000e-07   0.000000e+00   0.000000e+00   0.000000e+00
1.500000e-06   5.500000e-06   5.000000e-07   0.000000e+00   0.000000e+00   0.000000e+00
2.500000e-06   5.500000e-06   5.000000e-07   0.000000e+00   0.000000e+00   0.000000e+00
3.500000e-06   5.500000e-06   5.000000e-07   7.071068e-01   7.071068e-01   0.000000e+00
4.500000e-06   5.500000e-06   5.000000e-07   7.071068e-01   7.071068e-01   0.000000e+00
5.500000e-06   5.500000e-06   5.000000e-07   7.071068e-01   7.071068e-01   0.000000e+00
6.500000e-06   5.500000e-06   5.000000e-07   7.071068e-01   7.071068e-01   0.000000e+00
7.500000e-06   5.500000e-06   5.000000e-07   7.071068e-01   7.071068e-01   0.000000e+00
8.500000e-06   5.500000e-06   5.000000e-07   0.000000e+00   0.000000e+00   0.000000e+00
9.500000e-06   5.500000e-06   5.000000e-07   0.000000e+00   0.000000e+00   0.000000e+00
5.000000e-07   6.500000e-06   5.000000e-07   0.000000e+00   0.000000e+00   0.000000e+00
1.500000e-06   6.500000e-06   5.000000e-07   0.000000e+00   0.000000e+00   0.000000e+00
2.500000e-06   6.500000e-06   5.000000e-07   0.000000e+00   0.000000e+00   0.000000e+00
3.500000e-06   6.500000e-06   5.000000e-07   7.071068e-01   7.071068e-01   0.000000e+00
4.500000e-06   6.500000e-06   5.000000e-07   7.071068e-01   7.071068e-01   0.000000e+00
5.500000e-06   6.500000e-06   5.000000e-07   7.071068e-01   7.071068e-01   0.000000e+00
6.500000e-06   6.500000e-06   5.000000e-07   7.071068e-01   7.071068e-01   0.000000e+00
7.500000e-06   6.500000e-06   5.000000e-07   7.071068e-01   7.071068e-01   0.000000e+00
8.500000e-06   6.500000e-06   5.000000e-07   0.000000e+00   0.000000e+00   0.000000e+00
9.500000e-06   6.500000e-06   5.000000e-07   0.000000e+00   0.000000e+00   0.000000e+00
5.000000e-07   7.500000e-06   5.000000e-07   0.000000e+00   0.000000e+00   0.000000e+00
1.500000e-06   7.500000e-06   5.000000e-07   0.000000e+00   0.000000e+00   0.000000e+00
2.500000e-06   7.500000e-06   5.000000e-07   0.000000e+00   0.000000e+00   0.000000e+00
3.500000e-06   7.500000e-06   5.000000e-07   7.071068e-01   7.071068e-01   0.000000e+00
4.500000e-06   7.500000e-06   5.000000e-07   7.071068e-01   7.071068e-01   0.000000e+00
5.500000e-06   7.500000e-06   5.000000e-07   7.071068e-01   7.071068e-01   0.000000e+00
6.500000e-06   7.500000e-06   5.000000e-07   7.071068e-01   7.071068e-01   0.000000e+00
7.500000e-06   7.500000e-06   5.000000e-07   7.071068e-01   7.071068e-01   0.000000e+00
8.500000e-06   7.500000e-06   5.000000e-07   0.000000e+00   0.000000e+00   0.000000e+00
9.500000e-06   7.500000e-06   5.000000e-07   0.000000e+00   0.000000e+00   0.000000e+00
5.000000e-07   8.500000e-06   5.000000e-07   0.000000e+00   0.000000e+00   0.000000e+00
1.500000e-06   8.500000e-06   5.000000e-07   0.000000e+00   0.000000e+00   0.000000e+00
2.500000e-06   8.500000e-06   5.000000e-07   0.000000e+00   0.000000e+00   0.000000e+00
3.500000e-06   8.500000e-06   5.000000e-07   0.000000e+00   0.000000e+00   0.000000e+00
4.500000e-06   8.500000e-06   5.000000e-07   0.000000e+00   0.000000e+00   0.000000e+00
5.500000e-06   8.500000e-06   5.000000e-07   0.000000e+00   0.000000e+00   0.000000e+00
6.500000e-06   8.500000e-06   5.000000e-07   0.000000e+00   0.000000e+00   0.000000e+00
7.500000e-06   8.500000e-06   5.000000e-07   0.000000e+00   0.000000e+00   0.000000e+00
8.500000e-06   8.500000e-06   5.000000e-07   0.000000e+00   0.000000e+00   0.000000e+00
9.500000e-06   8.500000e-06   5.000000e-07   0.000000e+00   0.000000e+00   0.000000e+00
5.000000e-07   9.500000e-06   5.000000e-07   0.000000e+00   0.000000e+00   0.000000e+00
1.500000e-06   9.500000e-06   5.000000e-07   0.000000e+00   0.000000e+00   0.000000e+00
2.500000e-06   9.500000e-06   5.000000e-07   0.000000e+00   0.000000e+00   0.000000e+00
3.500000e-06   9.500000e-06   5.000000e-07   0.000000e+00   0.000000e+00   0.000000e+00
4.500000e-06   9.500000e-06   5.000000e-07   0.000000e+00   0.000000e+00   0.000000e+00
5.500000e-06   9.500000e-06   5.000000e-07   0.000000e+00   0.000000e+00   0.000000e+00
6.500000e-06   9.500000e-06   5.000000e-07   0.000000e+00   0.000000e+00   0.000000e+00
7.500000e-06   9.500000e-06   5.000000e-07   0.000000e+00   0.000000e+00   0.000000e+00
8.500000e-06   9.500000e-06   5.000000e-07   0.000000e+00   0.000000e+00   0.000000e+00
9.500000e-06   9.500000e-06   5.000000e-07   0.000000e+00   0.000000e+00   0.000000e+00
