LLGFileCreator2D: 2D_hom_Filament
    31    31    1
5.000000e-07   5.000000e-07   5.000000e-07   0.000000e+00   0.000000e+00   0.000000e+00
1.500000e-06   5.000000e-07   5.000000e-07   0.000000e+00   0.000000e+00   0.000000e+00
2.500000e-06   5.000000e-07   5.000000e-07   0.000000e+00   0.000000e+00   0.000000e+00
3.500000e-06   5.000000e-07   5.000000e-07   0.000000e+00   0.000000e+00   0.000000e+00
4.500000e-06   5.000000e-07   5.000000e-07   0.000000e+00   0.000000e+00   0.000000e+00
5.500000e-06   5.000000e-07   5.000000e-07   0.000000e+00   0.000000e+00   0.000000e+00
6.500000e-06   5.000000e-07   5.000000e-07   0.000000e+00   0.000000e+00   0.000000e+00
7.500000e-06   5.000000e-07   5.000000e-07   0.000000e+00   0.000000e+00   0.000000e+00
8.500000e-06   5.000000e-07   5.000000e-07   0.000000e+00   0.000000e+00   0.000000e+00
9.500000e-06   5.000000e-07   5.000000e-07   0.000000e+00   0.000000e+00   0.000000e+00
1.050000e-05   5.000000e-07   5.000000e-07   0.000000e+00   0.000000e+00   0.000000e+00
1.150000e-05   5.000000e-07   5.000000e-07   0.000000e+00   0.000000e+00   0.000000e+00
1.250000e-05   5.000000e-07   5.000000e-07   0.000000e+00   0.000000e+00   0.000000e+00
1.350000e-05   5.000000e-07   5.000000e-07   0.000000e+00   0.000000e+00   0.000000e+00
1.450000e-05   5.000000e-07   5.000000e-07   0.000000e+00   0.000000e+00   0.000000e+00
1.550000e-05   5.000000e-07   5.000000e-07   6.123234e-17   1.000000e+00   0.000000e+00
1.650000e-05   5.000000e-07   5.000000e-07   0.000000e+00   0.000000e+00   0.000000e+00
1.750000e-05   5.000000e-07   5.000000e-07   0.000000e+00   0.000000e+00   0.000000e+00
1.850000e-05   5.000000e-07   5.000000e-07   0.000000e+00   0.000000e+00   0.000000e+00
1.950000e-05   5.000000e-07   5.000000e-07   0.000000e+00   0.000000e+00   0.000000e+00
2.050000e-05   5.000000e-07   5.000000e-07   0.000000e+00   0.000000e+00   0.000000e+00
2.150000e-05   5.000000e-07   5.000000e-07   0.000000e+00   0.000000e+00   0.000000e+00
2.250000e-05   5.000000e-07   5.000000e-07   0.000000e+00   0.000000e+00   0.000000e+00
2.350000e-05   5.000000e-07   5.000000e-07   0.000000e+00   0.000000e+00   0.000000e+00
2.450000e-05   5.000000e-07   5.000000e-07   0.000000e+00   0.000000e+00   0.000000e+00
2.550000e-05   5.000000e-07   5.000000e-07   0.000000e+00   0.000000e+00   0.000000e+00
2.650000e-05   5.000000e-07   5.000000e-07   0.000000e+00   0.000000e+00   0.000000e+00
2.750000e-05   5.000000e-07   5.000000e-07   0.000000e+00   0.000000e+00   0.000000e+00
2.850000e-05   5.000000e-07   5.000000e-07   0.000000e+00   0.000000e+00   0.000000e+00
2.950000e-05   5.000000e-07   5.000000e-07   0.000000e+00   0.000000e+00   0.000000e+00
3.050000e-05   5.000000e-07   5.000000e-07   0.000000e+00   0.000000e+00   0.000000e+00
5.000000e-07   1.500000e-06   5.000000e-07   0.000000e+00   0.000000e+00   0.000000e+00
1.500000e-06   1.500000e-06   5.000000e-07   0.000000e+00   0.000000e+00   0.000000e+00
2.500000e-06   1.500000e-06   5.000000e-07   0.000000e+00   0.000000e+00   0.000000e+00
3.500000e-06   1.500000e-06   5.000000e-07   0.000000e+00   0.000000e+00   0.000000e+00
4.500000e-06   1.500000e-06   5.000000e-07   0.000000e+00   0.000000e+00   0.000000e+00
5.500000e-06   1.500000e-06   5.000000e-07   0.000000e+00   0.000000e+00   0.000000e+00
6.500000e-06   1.500000e-06   5.000000e-07   0.000000e+00   0.000000e+00   0.000000e+00
7.500000e-06   1.500000e-06   5.000000e-07   0.000000e+00   0.000000e+00   0.000000e+00
8.500000e-06   1.500000e-06   5.000000e-07   0.000000e+00   0.000000e+00   0.000000e+00
9.500000e-06   1.500000e-06   5.000000e-07   0.000000e+00   0.000000e+00   0.000000e+00
1.050000e-05   1.500000e-06   5.000000e-07   0.000000e+00   0.000000e+00   0.000000e+00
1.150000e-05   1.500000e-06   5.000000e-07   0.000000e+00   0.000000e+00   0.000000e+00
1.250000e-05   1.500000e-06   5.000000e-07   0.000000e+00   0.000000e+00   0.000000e+00
1.350000e-05   1.500000e-06   5.000000e-07   0.000000e+00   0.000000e+00   0.000000e+00
1.450000e-05   1.500000e-06   5.000000e-07   0.000000e+00   0.000000e+00   0.000000e+00
1.550000e-05   1.500000e-06   5.000000e-07   6.123234e-17   1.000000e+00   0.000000e+00
1.650000e-05   1.500000e-06   5.000000e-07   0.000000e+00   0.000000e+00   0.000000e+00
1.750000e-05   1.500000e-06   5.000000e-07   0.000000e+00   0.000000e+00   0.000000e+00
1.850000e-05   1.500000e-06   5.000000e-07   0.000000e+00   0.000000e+00   0.000000e+00
1.950000e-05   1.500000e-06   5.000000e-07   0.000000e+00   0.000000e+00   0.000000e+00
2.050000e-05   1.500000e-06   5.000000e-07   0.000000e+00   0.000000e+00   0.000000e+00
2.150000e-05   1.500000e-06   5.000000e-07   0.000000e+00   0.000000e+00   0.000000e+00
2.250000e-05   1.500000e-06   5.000000e-07   0.000000e+00   0.000000e+00   0.000000e+00
2.350000e-05   1.500000e-06   5.000000e-07   0.000000e+00   0.000000e+00   0.000000e+00
2.450000e-05   1.500000e-06   5.000000e-07   0.000000e+00   0.000000e+00   0.000000e+00
2.550000e-05   1.500000e-06   5.000000e-07   0.000000e+00   0.000000e+00   0.000000e+00
2.650000e-05   1.500000e-06   5.000000e-07   0.000000e+00   0.000000e+00   0.000000e+00
2.750000e-05   1.500000e-06   5.000000e-07   0.000000e+00   0.000000e+00   0.000000e+00
2.850000e-05   1.500000e-06   5.000000e-07   0.000000e+00   0.000000e+00   0.000000e+00
2.950000e-05   1.500000e-06   5.000000e-07   0.000000e+00   0.000000e+00   0.000000e+00
3.050000e-05   1.500000e-06   5.000000e-07   0.000000e+00   0.000000e+00   0.000000e+00
5.000000e-07   2.500000e-06   5.000000e-07   0.000000e+00   0.000000e+00   0.000000e+00
1.500000e-06   2.500000e-06   5.000000e-07   0.000000e+00   0.000000e+00   0.000000e+00
2.500000e-06   2.500000e-06   5.000000e-07   0.000000e+00   0.000000e+00   0.000000e+00
3.500000e-06   2.500000e-06   5.000000e-07   0.000000e+00   0.000000e+00   0.000000e+00
4.500000e-06   2.500000e-06   5.000000e-07   0.000000e+00   0.000000e+00   0.000000e+00
5.500000e-06   2.500000e-06   5.000000e-07   0.000000e+00   0.000000e+00   0.000000e+00
6.500000e-06   2.500000e-06   5.000000e-07   0.000000e+00   0.000000e+00   0.000000e+00
7.500000e-06   2.500000e-06   5.000000e-07   0.000000e+00   0.000000e+00   0.000000e+00
8.500000e-06   2.500000e-06   5.000000e-07   0.000000e+00   0.000000e+00   0.000000e+00
9.500000e-06   2.500000e-06   5.000000e-07   0.000000e+00   0.000000e+00   0.000000e+00
1.050000e-05   2.500000e-06   5.000000e-07   0.000000e+00   0.000000e+00   0.000000e+00
1.150000e-05   2.500000e-06   5.000000e-07   0.000000e+00   0.000000e+00   0.000000e+00
1.250000e-05   2.500000e-06   5.000000e-07   0.000000e+00   0.000000e+00   0.000000e+00
1.350000e-05   2.500000e-06   5.000000e-07   0.000000e+00   0.000000e+00   0.000000e+00
1.450000e-05   2.500000e-06   5.000000e-07   0.000000e+00   0.000000e+00   0.000000e+00
1.550000e-05   2.500000e-06   5.000000e-07   6.123234e-17   1.000000e+00   0.000000e+00
1.650000e-05   2.500000e-06   5.000000e-07   0.000000e+00   0.000000e+00   0.000000e+00
1.750000e-05   2.500000e-06   5.000000e-07   0.000000e+00   0.000000e+00   0.000000e+00
1.850000e-05   2.500000e-06   5.000000e-07   0.000000e+00   0.000000e+00   0.000000e+00
1.950000e-05   2.500000e-06   5.000000e-07   0.000000e+00   0.000000e+00   0.000000e+00
2.050000e-05   2.500000e-06   5.000000e-07   0.000000e+00   0.000000e+00   0.000000e+00
2.150000e-05   2.500000e-06   5.000000e-07   0.000000e+00   0.000000e+00   0.000000e+00
2.250000e-05   2.500000e-06   5.000000e-07   0.000000e+00   0.000000e+00   0.000000e+00
2.350000e-05   2.500000e-06   5.000000e-07   0.000000e+00   0.000000e+00   0.000000e+00
2.450000e-05   2.500000e-06   5.000000e-07   0.000000e+00   0.000000e+00   0.000000e+00
2.550000e-05   2.500000e-06   5.000000e-07   0.000000e+00   0.000000e+00   0.000000e+00
2.650000e-05   2.500000e-06   5.000000e-07   0.000000e+00   0.000000e+00   0.000000e+00
2.750000e-05   2.500000e-06   5.000000e-07   0.000000e+00   0.000000e+00   0.000000e+00
2.850000e-05   2.500000e-06   5.000000e-07   0.000000e+00   0.000000e+00   0.000000e+00
2.950000e-05   2.500000e-06   5.000000e-07   0.000000e+00   0.000000e+00   0.000000e+00
3.050000e-05   2.500000e-06   5.000000e-07   0.000000e+00   0.000000e+00   0.000000e+00
5.000000e-07   3.500000e-06   5.000000e-07   0.000000e+00   0.000000e+00   0.000000e+00
1.500000e-06   3.500000e-06   5.000000e-07   0.000000e+00   0.000000e+00   0.000000e+00
2.500000e-06   3.500000e-06   5.000000e-07   0.000000e+00   0.000000e+00   0.000000e+00
3.500000e-06   3.500000e-06   5.000000e-07   0.000000e+00   0.000000e+00   0.000000e+00
4.500000e-06   3.500000e-06   5.000000e-07   0.000000e+00   0.000000e+00   0.000000e+00
5.500000e-06   3.500000e-06   5.000000e-07   0.000000e+00   0.000000e+00   0.000000e+00
6.500000e-06   3.500000e-06   5.000000e-07   0.000000e+00   0.000000e+00   0.000000e+00
7.500000e-06   3.500000e-06   5.000000e-07   0.000000e+00   0.000000e+00   0.000000e+00
8.500000e-06   3.500000e-06   5.000000e-07   0.000000e+00   0.000000e+00   0.000000e+00
9.500000e-06   3.500000e-06   5.000000e-07   0.000000e+00   0.000000e+00   0.000000e+00
1.050000e-05   3.500000e-06   5.000000e-07   0.000000e+00   0.000000e+00   0.000000e+00
1.150000e-05   3.500000e-06   5.000000e-07   0.000000e+00   0.000000e+00   0.000000e+00
1.250000e-05   3.500000e-06   5.000000e-07   0.000000e+00   0.000000e+00   0.000000e+00
1.350000e-05   3.500000e-06   5.000000e-07   0.000000e+00   0.000000e+00   0.000000e+00
1.450000e-05   3.500000e-06   5.000000e-07   0.000000e+00   0.000000e+00   0.000000e+00
1.550000e-05   3.500000e-06   5.000000e-07   6.123234e-17   1.000000e+00   0.000000e+00
1.650000e-05   3.500000e-06   5.000000e-07   0.000000e+00   0.000000e+00   0.000000e+00
1.750000e-05   3.500000e-06   5.000000e-07   0.000000e+00   0.000000e+00   0.000000e+00
1.850000e-05   3.500000e-06   5.000000e-07   0.000000e+00   0.000000e+00   0.000000e+00
1.950000e-05   3.500000e-06   5.000000e-07   0.000000e+00   0.000000e+00   0.000000e+00
2.050000e-05   3.500000e-06   5.000000e-07   0.000000e+00   0.000000e+00   0.000000e+00
2.150000e-05   3.500000e-06   5.000000e-07   0.000000e+00   0.000000e+00   0.000000e+00
2.250000e-05   3.500000e-06   5.000000e-07   0.000000e+00   0.000000e+00   0.000000e+00
2.350000e-05   3.500000e-06   5.000000e-07   0.000000e+00   0.000000e+00   0.000000e+00
2.450000e-05   3.500000e-06   5.000000e-07   0.000000e+00   0.000000e+00   0.000000e+00
2.550000e-05   3.500000e-06   5.000000e-07   0.000000e+00   0.000000e+00   0.000000e+00
2.650000e-05   3.500000e-06   5.000000e-07   0.000000e+00   0.000000e+00   0.000000e+00
2.750000e-05   3.500000e-06   5.000000e-07   0.000000e+00   0.000000e+00   0.000000e+00
2.850000e-05   3.500000e-06   5.000000e-07   0.000000e+00   0.000000e+00   0.000000e+00
2.950000e-05   3.500000e-06   5.000000e-07   0.000000e+00   0.000000e+00   0.000000e+00
3.050000e-05   3.500000e-06   5.000000e-07   0.000000e+00   0.000000e+00   0.000000e+00
5.000000e-07   4.500000e-06   5.000000e-07   0.000000e+00   0.000000e+00   0.000000e+00
1.500000e-06   4.500000e-06   5.000000e-07   0.000000e+00   0.000000e+00   0.000000e+00
2.500000e-06   4.500000e-06   5.000000e-07   0.000000e+00   0.000000e+00   0.000000e+00
3.500000e-06   4.500000e-06   5.000000e-07   0.000000e+00   0.000000e+00   0.000000e+00
4.500000e-06   4.500000e-06   5.000000e-07   0.000000e+00   0.000000e+00   0.000000e+00
5.500000e-06   4.500000e-06   5.000000e-07   0.000000e+00   0.000000e+00   0.000000e+00
6.500000e-06   4.500000e-06   5.000000e-07   0.000000e+00   0.000000e+00   0.000000e+00
7.500000e-06   4.500000e-06   5.000000e-07   0.000000e+00   0.000000e+00   0.000000e+00
8.500000e-06   4.500000e-06   5.000000e-07   0.000000e+00   0.000000e+00   0.000000e+00
9.500000e-06   4.500000e-06   5.000000e-07   0.000000e+00   0.000000e+00   0.000000e+00
1.050000e-05   4.500000e-06   5.000000e-07   0.000000e+00   0.000000e+00   0.000000e+00
1.150000e-05   4.500000e-06   5.000000e-07   0.000000e+00   0.000000e+00   0.000000e+00
1.250000e-05   4.500000e-06   5.000000e-07   0.000000e+00   0.000000e+00   0.000000e+00
1.350000e-05   4.500000e-06   5.000000e-07   0.000000e+00   0.000000e+00   0.000000e+00
1.450000e-05   4.500000e-06   5.000000e-07   0.000000e+00   0.000000e+00   0.000000e+00
1.550000e-05   4.500000e-06   5.000000e-07   6.123234e-17   1.000000e+00   0.000000e+00
1.650000e-05   4.500000e-06   5.000000e-07   0.000000e+00   0.000000e+00   0.000000e+00
1.750000e-05   4.500000e-06   5.000000e-07   0.000000e+00   0.000000e+00   0.000000e+00
1.850000e-05   4.500000e-06   5.000000e-07   0.000000e+00   0.000000e+00   0.000000e+00
1.950000e-05   4.500000e-06   5.000000e-07   0.000000e+00   0.000000e+00   0.000000e+00
2.050000e-05   4.500000e-06   5.000000e-07   0.000000e+00   0.000000e+00   0.000000e+00
2.150000e-05   4.500000e-06   5.000000e-07   0.000000e+00   0.000000e+00   0.000000e+00
2.250000e-05   4.500000e-06   5.000000e-07   0.000000e+00   0.000000e+00   0.000000e+00
2.350000e-05   4.500000e-06   5.000000e-07   0.000000e+00   0.000000e+00   0.000000e+00
2.450000e-05   4.500000e-06   5.000000e-07   0.000000e+00   0.000000e+00   0.000000e+00
2.550000e-05   4.500000e-06   5.000000e-07   0.000000e+00   0.000000e+00   0.000000e+00
2.650000e-05   4.500000e-06   5.000000e-07   0.000000e+00   0.000000e+00   0.000000e+00
2.750000e-05   4.500000e-06   5.000000e-07   0.000000e+00   0.000000e+00   0.000000e+00
2.850000e-05   4.500000e-06   5.000000e-07   0.000000e+00   0.000000e+00   0.000000e+00
2.950000e-05   4.500000e-06   5.000000e-07   0.000000e+00   0.000000e+00   0.000000e+00
3.050000e-05   4.500000e-06   5.000000e-07   0.000000e+00   0.000000e+00   0.000000e+00
5.000000e-07   5.500000e-06   5.000000e-07   0.000000e+00   0.000000e+00   0.000000e+00
1.500000e-06   5.500000e-06   5.000000e-07   0.000000e+00   0.000000e+00   0.000000e+00
2.500000e-06   5.500000e-06   5.000000e-07   0.000000e+00   0.000000e+00   0.000000e+00
3.500000e-06   5.500000e-06   5.000000e-07   0.000000e+00   0.000000e+00   0.000000e+00
4.500000e-06   5.500000e-06   5.000000e-07   0.000000e+00   0.000000e+00   0.000000e+00
5.500000e-06   5.500000e-06   5.000000e-07   0.000000e+00   0.000000e+00   0.000000e+00
6.500000e-06   5.500000e-06   5.000000e-07   0.000000e+00   0.000000e+00   0.000000e+00
7.500000e-06   5.500000e-06   5.000000e-07   0.000000e+00   0.000000e+00   0.000000e+00
8.500000e-06   5.500000e-06   5.000000e-07   0.000000e+00   0.000000e+00   0.000000e+00
9.500000e-06   5.500000e-06   5.000000e-07   0.000000e+00   0.000000e+00   0.000000e+00
1.050000e-05   5.500000e-06   5.000000e-07   0.000000e+00   0.000000e+00   0.000000e+00
1.150000e-05   5.500000e-06   5.000000e-07   0.000000e+00   0.000000e+00   0.000000e+00
1.250000e-05   5.500000e-06   5.000000e-07   0.000000e+00   0.000000e+00   0.000000e+00
1.350000e-05   5.500000e-06   5.000000e-07   0.000000e+00   0.000000e+00   0.000000e+00
1.450000e-05   5.500000e-06   5.000000e-07   0.000000e+00   0.000000e+00   0.000000e+00
1.550000e-05   5.500000e-06   5.000000e-07   6.123234e-17   1.000000e+00   0.000000e+00
1.650000e-05   5.500000e-06   5.000000e-07   0.000000e+00   0.000000e+00   0.000000e+00
1.750000e-05   5.500000e-06   5.000000e-07   0.000000e+00   0.000000e+00   0.000000e+00
1.850000e-05   5.500000e-06   5.000000e-07   0.000000e+00   0.000000e+00   0.000000e+00
1.950000e-05   5.500000e-06   5.000000e-07   0.000000e+00   0.000000e+00   0.000000e+00
2.050000e-05   5.500000e-06   5.000000e-07   0.000000e+00   0.000000e+00   0.000000e+00
2.150000e-05   5.500000e-06   5.000000e-07   0.000000e+00   0.000000e+00   0.000000e+00
2.250000e-05   5.500000e-06   5.000000e-07   0.000000e+00   0.000000e+00   0.000000e+00
2.350000e-05   5.500000e-06   5.000000e-07   0.000000e+00   0.000000e+00   0.000000e+00
2.450000e-05   5.500000e-06   5.000000e-07   0.000000e+00   0.000000e+00   0.000000e+00
2.550000e-05   5.500000e-06   5.000000e-07   0.000000e+00   0.000000e+00   0.000000e+00
2.650000e-05   5.500000e-06   5.000000e-07   0.000000e+00   0.000000e+00   0.000000e+00
2.750000e-05   5.500000e-06   5.000000e-07   0.000000e+00   0.000000e+00   0.000000e+00
2.850000e-05   5.500000e-06   5.000000e-07   0.000000e+00   0.000000e+00   0.000000e+00
2.950000e-05   5.500000e-06   5.000000e-07   0.000000e+00   0.000000e+00   0.000000e+00
3.050000e-05   5.500000e-06   5.000000e-07   0.000000e+00   0.000000e+00   0.000000e+00
5.000000e-07   6.500000e-06   5.000000e-07   0.000000e+00   0.000000e+00   0.000000e+00
1.500000e-06   6.500000e-06   5.000000e-07   0.000000e+00   0.000000e+00   0.000000e+00
2.500000e-06   6.500000e-06   5.000000e-07   0.000000e+00   0.000000e+00   0.000000e+00
3.500000e-06   6.500000e-06   5.000000e-07   0.000000e+00   0.000000e+00   0.000000e+00
4.500000e-06   6.500000e-06   5.000000e-07   0.000000e+00   0.000000e+00   0.000000e+00
5.500000e-06   6.500000e-06   5.000000e-07   0.000000e+00   0.000000e+00   0.000000e+00
6.500000e-06   6.500000e-06   5.000000e-07   0.000000e+00   0.000000e+00   0.000000e+00
7.500000e-06   6.500000e-06   5.000000e-07   0.000000e+00   0.000000e+00   0.000000e+00
8.500000e-06   6.500000e-06   5.000000e-07   0.000000e+00   0.000000e+00   0.000000e+00
9.500000e-06   6.500000e-06   5.000000e-07   0.000000e+00   0.000000e+00   0.000000e+00
1.050000e-05   6.500000e-06   5.000000e-07   0.000000e+00   0.000000e+00   0.000000e+00
1.150000e-05   6.500000e-06   5.000000e-07   0.000000e+00   0.000000e+00   0.000000e+00
1.250000e-05   6.500000e-06   5.000000e-07   0.000000e+00   0.000000e+00   0.000000e+00
1.350000e-05   6.500000e-06   5.000000e-07   0.000000e+00   0.000000e+00   0.000000e+00
1.450000e-05   6.500000e-06   5.000000e-07   0.000000e+00   0.000000e+00   0.000000e+00
1.550000e-05   6.500000e-06   5.000000e-07   6.123234e-17   1.000000e+00   0.000000e+00
1.650000e-05   6.500000e-06   5.000000e-07   0.000000e+00   0.000000e+00   0.000000e+00
1.750000e-05   6.500000e-06   5.000000e-07   0.000000e+00   0.000000e+00   0.000000e+00
1.850000e-05   6.500000e-06   5.000000e-07   0.000000e+00   0.000000e+00   0.000000e+00
1.950000e-05   6.500000e-06   5.000000e-07   0.000000e+00   0.000000e+00   0.000000e+00
2.050000e-05   6.500000e-06   5.000000e-07   0.000000e+00   0.000000e+00   0.000000e+00
2.150000e-05   6.500000e-06   5.000000e-07   0.000000e+00   0.000000e+00   0.000000e+00
2.250000e-05   6.500000e-06   5.000000e-07   0.000000e+00   0.000000e+00   0.000000e+00
2.350000e-05   6.500000e-06   5.000000e-07   0.000000e+00   0.000000e+00   0.000000e+00
2.450000e-05   6.500000e-06   5.000000e-07   0.000000e+00   0.000000e+00   0.000000e+00
2.550000e-05   6.500000e-06   5.000000e-07   0.000000e+00   0.000000e+00   0.000000e+00
2.650000e-05   6.500000e-06   5.000000e-07   0.000000e+00   0.000000e+00   0.000000e+00
2.750000e-05   6.500000e-06   5.000000e-07   0.000000e+00   0.000000e+00   0.000000e+00
2.850000e-05   6.500000e-06   5.000000e-07   0.000000e+00   0.000000e+00   0.000000e+00
2.950000e-05   6.500000e-06   5.000000e-07   0.000000e+00   0.000000e+00   0.000000e+00
3.050000e-05   6.500000e-06   5.000000e-07   0.000000e+00   0.000000e+00   0.000000e+00
5.000000e-07   7.500000e-06   5.000000e-07   0.000000e+00   0.000000e+00   0.000000e+00
1.500000e-06   7.500000e-06   5.000000e-07   0.000000e+00   0.000000e+00   0.000000e+00
2.500000e-06   7.500000e-06   5.000000e-07   0.000000e+00   0.000000e+00   0.000000e+00
3.500000e-06   7.500000e-06   5.000000e-07   0.000000e+00   0.000000e+00   0.000000e+00
4.500000e-06   7.500000e-06   5.000000e-07   0.000000e+00   0.000000e+00   0.000000e+00
5.500000e-06   7.500000e-06   5.000000e-07   0.000000e+00   0.000000e+00   0.000000e+00
6.500000e-06   7.500000e-06   5.000000e-07   0.000000e+00   0.000000e+00   0.000000e+00
7.500000e-06   7.500000e-06   5.000000e-07   0.000000e+00   0.000000e+00   0.000000e+00
8.500000e-06   7.500000e-06   5.000000e-07   0.000000e+00   0.000000e+00   0.000000e+00
9.500000e-06   7.500000e-06   5.000000e-07   0.000000e+00   0.000000e+00   0.000000e+00
1.050000e-05   7.500000e-06   5.000000e-07   0.000000e+00   0.000000e+00   0.000000e+00
1.150000e-05   7.500000e-06   5.000000e-07   0.000000e+00   0.000000e+00   0.000000e+00
1.250000e-05   7.500000e-06   5.000000e-07   0.000000e+00   0.000000e+00   0.000000e+00
1.350000e-05   7.500000e-06   5.000000e-07   0.000000e+00   0.000000e+00   0.000000e+00
1.450000e-05   7.500000e-06   5.000000e-07   0.000000e+00   0.000000e+00   0.000000e+00
1.550000e-05   7.500000e-06   5.000000e-07   6.123234e-17   1.000000e+00   0.000000e+00
1.650000e-05   7.500000e-06   5.000000e-07   0.000000e+00   0.000000e+00   0.000000e+00
1.750000e-05   7.500000e-06   5.000000e-07   0.000000e+00   0.000000e+00   0.000000e+00
1.850000e-05   7.500000e-06   5.000000e-07   0.000000e+00   0.000000e+00   0.000000e+00
1.950000e-05   7.500000e-06   5.000000e-07   0.000000e+00   0.000000e+00   0.000000e+00
2.050000e-05   7.500000e-06   5.000000e-07   0.000000e+00   0.000000e+00   0.000000e+00
2.150000e-05   7.500000e-06   5.000000e-07   0.000000e+00   0.000000e+00   0.000000e+00
2.250000e-05   7.500000e-06   5.000000e-07   0.000000e+00   0.000000e+00   0.000000e+00
2.350000e-05   7.500000e-06   5.000000e-07   0.000000e+00   0.000000e+00   0.000000e+00
2.450000e-05   7.500000e-06   5.000000e-07   0.000000e+00   0.000000e+00   0.000000e+00
2.550000e-05   7.500000e-06   5.000000e-07   0.000000e+00   0.000000e+00   0.000000e+00
2.650000e-05   7.500000e-06   5.000000e-07   0.000000e+00   0.000000e+00   0.000000e+00
2.750000e-05   7.500000e-06   5.000000e-07   0.000000e+00   0.000000e+00   0.000000e+00
2.850000e-05   7.500000e-06   5.000000e-07   0.000000e+00   0.000000e+00   0.000000e+00
2.950000e-05   7.500000e-06   5.000000e-07   0.000000e+00   0.000000e+00   0.000000e+00
3.050000e-05   7.500000e-06   5.000000e-07   0.000000e+00   0.000000e+00   0.000000e+00
5.000000e-07   8.500000e-06   5.000000e-07   0.000000e+00   0.000000e+00   0.000000e+00
1.500000e-06   8.500000e-06   5.000000e-07   0.000000e+00   0.000000e+00   0.000000e+00
2.500000e-06   8.500000e-06   5.000000e-07   0.000000e+00   0.000000e+00   0.000000e+00
3.500000e-06   8.500000e-06   5.000000e-07   0.000000e+00   0.000000e+00   0.000000e+00
4.500000e-06   8.500000e-06   5.000000e-07   0.000000e+00   0.000000e+00   0.000000e+00
5.500000e-06   8.500000e-06   5.000000e-07   0.000000e+00   0.000000e+00   0.000000e+00
6.500000e-06   8.500000e-06   5.000000e-07   0.000000e+00   0.000000e+00   0.000000e+00
7.500000e-06   8.500000e-06   5.000000e-07   0.000000e+00   0.000000e+00   0.000000e+00
8.500000e-06   8.500000e-06   5.000000e-07   0.000000e+00   0.000000e+00   0.000000e+00
9.500000e-06   8.500000e-06   5.000000e-07   0.000000e+00   0.000000e+00   0.000000e+00
1.050000e-05   8.500000e-06   5.000000e-07   0.000000e+00   0.000000e+00   0.000000e+00
1.150000e-05   8.500000e-06   5.000000e-07   0.000000e+00   0.000000e+00   0.000000e+00
1.250000e-05   8.500000e-06   5.000000e-07   0.000000e+00   0.000000e+00   0.000000e+00
1.350000e-05   8.500000e-06   5.000000e-07   0.000000e+00   0.000000e+00   0.000000e+00
1.450000e-05   8.500000e-06   5.000000e-07   0.000000e+00   0.000000e+00   0.000000e+00
1.550000e-05   8.500000e-06   5.000000e-07   6.123234e-17   1.000000e+00   0.000000e+00
1.650000e-05   8.500000e-06   5.000000e-07   0.000000e+00   0.000000e+00   0.000000e+00
1.750000e-05   8.500000e-06   5.000000e-07   0.000000e+00   0.000000e+00   0.000000e+00
1.850000e-05   8.500000e-06   5.000000e-07   0.000000e+00   0.000000e+00   0.000000e+00
1.950000e-05   8.500000e-06   5.000000e-07   0.000000e+00   0.000000e+00   0.000000e+00
2.050000e-05   8.500000e-06   5.000000e-07   0.000000e+00   0.000000e+00   0.000000e+00
2.150000e-05   8.500000e-06   5.000000e-07   0.000000e+00   0.000000e+00   0.000000e+00
2.250000e-05   8.500000e-06   5.000000e-07   0.000000e+00   0.000000e+00   0.000000e+00
2.350000e-05   8.500000e-06   5.000000e-07   0.000000e+00   0.000000e+00   0.000000e+00
2.450000e-05   8.500000e-06   5.000000e-07   0.000000e+00   0.000000e+00   0.000000e+00
2.550000e-05   8.500000e-06   5.000000e-07   0.000000e+00   0.000000e+00   0.000000e+00
2.650000e-05   8.500000e-06   5.000000e-07   0.000000e+00   0.000000e+00   0.000000e+00
2.750000e-05   8.500000e-06   5.000000e-07   0.000000e+00   0.000000e+00   0.000000e+00
2.850000e-05   8.500000e-06   5.000000e-07   0.000000e+00   0.000000e+00   0.000000e+00
2.950000e-05   8.500000e-06   5.000000e-07   0.000000e+00   0.000000e+00   0.000000e+00
3.050000e-05   8.500000e-06   5.000000e-07   0.000000e+00   0.000000e+00   0.000000e+00
5.000000e-07   9.500000e-06   5.000000e-07   0.000000e+00   0.000000e+00   0.000000e+00
1.500000e-06   9.500000e-06   5.000000e-07   0.000000e+00   0.000000e+00   0.000000e+00
2.500000e-06   9.500000e-06   5.000000e-07   0.000000e+00   0.000000e+00   0.000000e+00
3.500000e-06   9.500000e-06   5.000000e-07   0.000000e+00   0.000000e+00   0.000000e+00
4.500000e-06   9.500000e-06   5.000000e-07   0.000000e+00   0.000000e+00   0.000000e+00
5.500000e-06   9.500000e-06   5.000000e-07   0.000000e+00   0.000000e+00   0.000000e+00
6.500000e-06   9.500000e-06   5.000000e-07   0.000000e+00   0.000000e+00   0.000000e+00
7.500000e-06   9.500000e-06   5.000000e-07   0.000000e+00   0.000000e+00   0.000000e+00
8.500000e-06   9.500000e-06   5.000000e-07   0.000000e+00   0.000000e+00   0.000000e+00
9.500000e-06   9.500000e-06   5.000000e-07   0.000000e+00   0.000000e+00   0.000000e+00
1.050000e-05   9.500000e-06   5.000000e-07   0.000000e+00   0.000000e+00   0.000000e+00
1.150000e-05   9.500000e-06   5.000000e-07   0.000000e+00   0.000000e+00   0.000000e+00
1.250000e-05   9.500000e-06   5.000000e-07   0.000000e+00   0.000000e+00   0.000000e+00
1.350000e-05   9.500000e-06   5.000000e-07   0.000000e+00   0.000000e+00   0.000000e+00
1.450000e-05   9.500000e-06   5.000000e-07   0.000000e+00   0.000000e+00   0.000000e+00
1.550000e-05   9.500000e-06   5.000000e-07   6.123234e-17   1.000000e+00   0.000000e+00
1.650000e-05   9.500000e-06   5.000000e-07   0.000000e+00   0.000000e+00   0.000000e+00
1.750000e-05   9.500000e-06   5.000000e-07   0.000000e+00   0.000000e+00   0.000000e+00
1.850000e-05   9.500000e-06   5.000000e-07   0.000000e+00   0.000000e+00   0.000000e+00
1.950000e-05   9.500000e-06   5.000000e-07   0.000000e+00   0.000000e+00   0.000000e+00
2.050000e-05   9.500000e-06   5.000000e-07   0.000000e+00   0.000000e+00   0.000000e+00
2.150000e-05   9.500000e-06   5.000000e-07   0.000000e+00   0.000000e+00   0.000000e+00
2.250000e-05   9.500000e-06   5.000000e-07   0.000000e+00   0.000000e+00   0.000000e+00
2.350000e-05   9.500000e-06   5.000000e-07   0.000000e+00   0.000000e+00   0.000000e+00
2.450000e-05   9.500000e-06   5.000000e-07   0.000000e+00   0.000000e+00   0.000000e+00
2.550000e-05   9.500000e-06   5.000000e-07   0.000000e+00   0.000000e+00   0.000000e+00
2.650000e-05   9.500000e-06   5.000000e-07   0.000000e+00   0.000000e+00   0.000000e+00
2.750000e-05   9.500000e-06   5.000000e-07   0.000000e+00   0.000000e+00   0.000000e+00
2.850000e-05   9.500000e-06   5.000000e-07   0.000000e+00   0.000000e+00   0.000000e+00
2.950000e-05   9.500000e-06   5.000000e-07   0.000000e+00   0.000000e+00   0.000000e+00
3.050000e-05   9.500000e-06   5.000000e-07   0.000000e+00   0.000000e+00   0.000000e+00
5.000000e-07   1.050000e-05   5.000000e-07   0.000000e+00   0.000000e+00   0.000000e+00
1.500000e-06   1.050000e-05   5.000000e-07   0.000000e+00   0.000000e+00   0.000000e+00
2.500000e-06   1.050000e-05   5.000000e-07   0.000000e+00   0.000000e+00   0.000000e+00
3.500000e-06   1.050000e-05   5.000000e-07   0.000000e+00   0.000000e+00   0.000000e+00
4.500000e-06   1.050000e-05   5.000000e-07   0.000000e+00   0.000000e+00   0.000000e+00
5.500000e-06   1.050000e-05   5.000000e-07   0.000000e+00   0.000000e+00   0.000000e+00
6.500000e-06   1.050000e-05   5.000000e-07   0.000000e+00   0.000000e+00   0.000000e+00
7.500000e-06   1.050000e-05   5.000000e-07   0.000000e+00   0.000000e+00   0.000000e+00
8.500000e-06   1.050000e-05   5.000000e-07   0.000000e+00   0.000000e+00   0.000000e+00
9.500000e-06   1.050000e-05   5.000000e-07   0.000000e+00   0.000000e+00   0.000000e+00
1.050000e-05   1.050000e-05   5.000000e-07   0.000000e+00   0.000000e+00   0.000000e+00
1.150000e-05   1.050000e-05   5.000000e-07   0.000000e+00   0.000000e+00   0.000000e+00
1.250000e-05   1.050000e-05   5.000000e-07   0.000000e+00   0.000000e+00   0.000000e+00
1.350000e-05   1.050000e-05   5.000000e-07   0.000000e+00   0.000000e+00   0.000000e+00
1.450000e-05   1.050000e-05   5.000000e-07   0.000000e+00   0.000000e+00   0.000000e+00
1.550000e-05   1.050000e-05   5.000000e-07   6.123234e-17   1.000000e+00   0.000000e+00
1.650000e-05   1.050000e-05   5.000000e-07   0.000000e+00   0.000000e+00   0.000000e+00
1.750000e-05   1.050000e-05   5.000000e-07   0.000000e+00   0.000000e+00   0.000000e+00
1.850000e-05   1.050000e-05   5.000000e-07   0.000000e+00   0.000000e+00   0.000000e+00
1.950000e-05   1.050000e-05   5.000000e-07   0.000000e+00   0.000000e+00   0.000000e+00
2.050000e-05   1.050000e-05   5.000000e-07   0.000000e+00   0.000000e+00   0.000000e+00
2.150000e-05   1.050000e-05   5.000000e-07   0.000000e+00   0.000000e+00   0.000000e+00
2.250000e-05   1.050000e-05   5.000000e-07   0.000000e+00   0.000000e+00   0.000000e+00
2.350000e-05   1.050000e-05   5.000000e-07   0.000000e+00   0.000000e+00   0.000000e+00
2.450000e-05   1.050000e-05   5.000000e-07   0.000000e+00   0.000000e+00   0.000000e+00
2.550000e-05   1.050000e-05   5.000000e-07   0.000000e+00   0.000000e+00   0.000000e+00
2.650000e-05   1.050000e-05   5.000000e-07   0.000000e+00   0.000000e+00   0.000000e+00
2.750000e-05   1.050000e-05   5.000000e-07   0.000000e+00   0.000000e+00   0.000000e+00
2.850000e-05   1.050000e-05   5.000000e-07   0.000000e+00   0.000000e+00   0.000000e+00
2.950000e-05   1.050000e-05   5.000000e-07   0.000000e+00   0.000000e+00   0.000000e+00
3.050000e-05   1.050000e-05   5.000000e-07   0.000000e+00   0.000000e+00   0.000000e+00
5.000000e-07   1.150000e-05   5.000000e-07   0.000000e+00   0.000000e+00   0.000000e+00
1.500000e-06   1.150000e-05   5.000000e-07   0.000000e+00   0.000000e+00   0.000000e+00
2.500000e-06   1.150000e-05   5.000000e-07   0.000000e+00   0.000000e+00   0.000000e+00
3.500000e-06   1.150000e-05   5.000000e-07   0.000000e+00   0.000000e+00   0.000000e+00
4.500000e-06   1.150000e-05   5.000000e-07   0.000000e+00   0.000000e+00   0.000000e+00
5.500000e-06   1.150000e-05   5.000000e-07   0.000000e+00   0.000000e+00   0.000000e+00
6.500000e-06   1.150000e-05   5.000000e-07   0.000000e+00   0.000000e+00   0.000000e+00
7.500000e-06   1.150000e-05   5.000000e-07   0.000000e+00   0.000000e+00   0.000000e+00
8.500000e-06   1.150000e-05   5.000000e-07   0.000000e+00   0.000000e+00   0.000000e+00
9.500000e-06   1.150000e-05   5.000000e-07   0.000000e+00   0.000000e+00   0.000000e+00
1.050000e-05   1.150000e-05   5.000000e-07   0.000000e+00   0.000000e+00   0.000000e+00
1.150000e-05   1.150000e-05   5.000000e-07   0.000000e+00   0.000000e+00   0.000000e+00
1.250000e-05   1.150000e-05   5.000000e-07   0.000000e+00   0.000000e+00   0.000000e+00
1.350000e-05   1.150000e-05   5.000000e-07   0.000000e+00   0.000000e+00   0.000000e+00
1.450000e-05   1.150000e-05   5.000000e-07   0.000000e+00   0.000000e+00   0.000000e+00
1.550000e-05   1.150000e-05   5.000000e-07   6.123234e-17   1.000000e+00   0.000000e+00
1.650000e-05   1.150000e-05   5.000000e-07   0.000000e+00   0.000000e+00   0.000000e+00
1.750000e-05   1.150000e-05   5.000000e-07   0.000000e+00   0.000000e+00   0.000000e+00
1.850000e-05   1.150000e-05   5.000000e-07   0.000000e+00   0.000000e+00   0.000000e+00
1.950000e-05   1.150000e-05   5.000000e-07   0.000000e+00   0.000000e+00   0.000000e+00
2.050000e-05   1.150000e-05   5.000000e-07   0.000000e+00   0.000000e+00   0.000000e+00
2.150000e-05   1.150000e-05   5.000000e-07   0.000000e+00   0.000000e+00   0.000000e+00
2.250000e-05   1.150000e-05   5.000000e-07   0.000000e+00   0.000000e+00   0.000000e+00
2.350000e-05   1.150000e-05   5.000000e-07   0.000000e+00   0.000000e+00   0.000000e+00
2.450000e-05   1.150000e-05   5.000000e-07   0.000000e+00   0.000000e+00   0.000000e+00
2.550000e-05   1.150000e-05   5.000000e-07   0.000000e+00   0.000000e+00   0.000000e+00
2.650000e-05   1.150000e-05   5.000000e-07   0.000000e+00   0.000000e+00   0.000000e+00
2.750000e-05   1.150000e-05   5.000000e-07   0.000000e+00   0.000000e+00   0.000000e+00
2.850000e-05   1.150000e-05   5.000000e-07   0.000000e+00   0.000000e+00   0.000000e+00
2.950000e-05   1.150000e-05   5.000000e-07   0.000000e+00   0.000000e+00   0.000000e+00
3.050000e-05   1.150000e-05   5.000000e-07   0.000000e+00   0.000000e+00   0.000000e+00
5.000000e-07   1.250000e-05   5.000000e-07   0.000000e+00   0.000000e+00   0.000000e+00
1.500000e-06   1.250000e-05   5.000000e-07   0.000000e+00   0.000000e+00   0.000000e+00
2.500000e-06   1.250000e-05   5.000000e-07   0.000000e+00   0.000000e+00   0.000000e+00
3.500000e-06   1.250000e-05   5.000000e-07   0.000000e+00   0.000000e+00   0.000000e+00
4.500000e-06   1.250000e-05   5.000000e-07   0.000000e+00   0.000000e+00   0.000000e+00
5.500000e-06   1.250000e-05   5.000000e-07   0.000000e+00   0.000000e+00   0.000000e+00
6.500000e-06   1.250000e-05   5.000000e-07   0.000000e+00   0.000000e+00   0.000000e+00
7.500000e-06   1.250000e-05   5.000000e-07   0.000000e+00   0.000000e+00   0.000000e+00
8.500000e-06   1.250000e-05   5.000000e-07   0.000000e+00   0.000000e+00   0.000000e+00
9.500000e-06   1.250000e-05   5.000000e-07   0.000000e+00   0.000000e+00   0.000000e+00
1.050000e-05   1.250000e-05   5.000000e-07   0.000000e+00   0.000000e+00   0.000000e+00
1.150000e-05   1.250000e-05   5.000000e-07   0.000000e+00   0.000000e+00   0.000000e+00
1.250000e-05   1.250000e-05   5.000000e-07   0.000000e+00   0.000000e+00   0.000000e+00
1.350000e-05   1.250000e-05   5.000000e-07   0.000000e+00   0.000000e+00   0.000000e+00
1.450000e-05   1.250000e-05   5.000000e-07   0.000000e+00   0.000000e+00   0.000000e+00
1.550000e-05   1.250000e-05   5.000000e-07   6.123234e-17   1.000000e+00   0.000000e+00
1.650000e-05   1.250000e-05   5.000000e-07   0.000000e+00   0.000000e+00   0.000000e+00
1.750000e-05   1.250000e-05   5.000000e-07   0.000000e+00   0.000000e+00   0.000000e+00
1.850000e-05   1.250000e-05   5.000000e-07   0.000000e+00   0.000000e+00   0.000000e+00
1.950000e-05   1.250000e-05   5.000000e-07   0.000000e+00   0.000000e+00   0.000000e+00
2.050000e-05   1.250000e-05   5.000000e-07   0.000000e+00   0.000000e+00   0.000000e+00
2.150000e-05   1.250000e-05   5.000000e-07   0.000000e+00   0.000000e+00   0.000000e+00
2.250000e-05   1.250000e-05   5.000000e-07   0.000000e+00   0.000000e+00   0.000000e+00
2.350000e-05   1.250000e-05   5.000000e-07   0.000000e+00   0.000000e+00   0.000000e+00
2.450000e-05   1.250000e-05   5.000000e-07   0.000000e+00   0.000000e+00   0.000000e+00
2.550000e-05   1.250000e-05   5.000000e-07   0.000000e+00   0.000000e+00   0.000000e+00
2.650000e-05   1.250000e-05   5.000000e-07   0.000000e+00   0.000000e+00   0.000000e+00
2.750000e-05   1.250000e-05   5.000000e-07   0.000000e+00   0.000000e+00   0.000000e+00
2.850000e-05   1.250000e-05   5.000000e-07   0.000000e+00   0.000000e+00   0.000000e+00
2.950000e-05   1.250000e-05   5.000000e-07   0.000000e+00   0.000000e+00   0.000000e+00
3.050000e-05   1.250000e-05   5.000000e-07   0.000000e+00   0.000000e+00   0.000000e+00
5.000000e-07   1.350000e-05   5.000000e-07   0.000000e+00   0.000000e+00   0.000000e+00
1.500000e-06   1.350000e-05   5.000000e-07   0.000000e+00   0.000000e+00   0.000000e+00
2.500000e-06   1.350000e-05   5.000000e-07   0.000000e+00   0.000000e+00   0.000000e+00
3.500000e-06   1.350000e-05   5.000000e-07   0.000000e+00   0.000000e+00   0.000000e+00
4.500000e-06   1.350000e-05   5.000000e-07   0.000000e+00   0.000000e+00   0.000000e+00
5.500000e-06   1.350000e-05   5.000000e-07   0.000000e+00   0.000000e+00   0.000000e+00
6.500000e-06   1.350000e-05   5.000000e-07   0.000000e+00   0.000000e+00   0.000000e+00
7.500000e-06   1.350000e-05   5.000000e-07   0.000000e+00   0.000000e+00   0.000000e+00
8.500000e-06   1.350000e-05   5.000000e-07   0.000000e+00   0.000000e+00   0.000000e+00
9.500000e-06   1.350000e-05   5.000000e-07   0.000000e+00   0.000000e+00   0.000000e+00
1.050000e-05   1.350000e-05   5.000000e-07   0.000000e+00   0.000000e+00   0.000000e+00
1.150000e-05   1.350000e-05   5.000000e-07   0.000000e+00   0.000000e+00   0.000000e+00
1.250000e-05   1.350000e-05   5.000000e-07   0.000000e+00   0.000000e+00   0.000000e+00
1.350000e-05   1.350000e-05   5.000000e-07   0.000000e+00   0.000000e+00   0.000000e+00
1.450000e-05   1.350000e-05   5.000000e-07   0.000000e+00   0.000000e+00   0.000000e+00
1.550000e-05   1.350000e-05   5.000000e-07   6.123234e-17   1.000000e+00   0.000000e+00
1.650000e-05   1.350000e-05   5.000000e-07   0.000000e+00   0.000000e+00   0.000000e+00
1.750000e-05   1.350000e-05   5.000000e-07   0.000000e+00   0.000000e+00   0.000000e+00
1.850000e-05   1.350000e-05   5.000000e-07   0.000000e+00   0.000000e+00   0.000000e+00
1.950000e-05   1.350000e-05   5.000000e-07   0.000000e+00   0.000000e+00   0.000000e+00
2.050000e-05   1.350000e-05   5.000000e-07   0.000000e+00   0.000000e+00   0.000000e+00
2.150000e-05   1.350000e-05   5.000000e-07   0.000000e+00   0.000000e+00   0.000000e+00
2.250000e-05   1.350000e-05   5.000000e-07   0.000000e+00   0.000000e+00   0.000000e+00
2.350000e-05   1.350000e-05   5.000000e-07   0.000000e+00   0.000000e+00   0.000000e+00
2.450000e-05   1.350000e-05   5.000000e-07   0.000000e+00   0.000000e+00   0.000000e+00
2.550000e-05   1.350000e-05   5.000000e-07   0.000000e+00   0.000000e+00   0.000000e+00
2.650000e-05   1.350000e-05   5.000000e-07   0.000000e+00   0.000000e+00   0.000000e+00
2.750000e-05   1.350000e-05   5.000000e-07   0.000000e+00   0.000000e+00   0.000000e+00
2.850000e-05   1.350000e-05   5.000000e-07   0.000000e+00   0.000000e+00   0.000000e+00
2.950000e-05   1.350000e-05   5.000000e-07   0.000000e+00   0.000000e+00   0.000000e+00
3.050000e-05   1.350000e-05   5.000000e-07   0.000000e+00   0.000000e+00   0.000000e+00
5.000000e-07   1.450000e-05   5.000000e-07   0.000000e+00   0.000000e+00   0.000000e+00
1.500000e-06   1.450000e-05   5.000000e-07   0.000000e+00   0.000000e+00   0.000000e+00
2.500000e-06   1.450000e-05   5.000000e-07   0.000000e+00   0.000000e+00   0.000000e+00
3.500000e-06   1.450000e-05   5.000000e-07   0.000000e+00   0.000000e+00   0.000000e+00
4.500000e-06   1.450000e-05   5.000000e-07   0.000000e+00   0.000000e+00   0.000000e+00
5.500000e-06   1.450000e-05   5.000000e-07   0.000000e+00   0.000000e+00   0.000000e+00
6.500000e-06   1.450000e-05   5.000000e-07   0.000000e+00   0.000000e+00   0.000000e+00
7.500000e-06   1.450000e-05   5.000000e-07   0.000000e+00   0.000000e+00   0.000000e+00
8.500000e-06   1.450000e-05   5.000000e-07   0.000000e+00   0.000000e+00   0.000000e+00
9.500000e-06   1.450000e-05   5.000000e-07   0.000000e+00   0.000000e+00   0.000000e+00
1.050000e-05   1.450000e-05   5.000000e-07   0.000000e+00   0.000000e+00   0.000000e+00
1.150000e-05   1.450000e-05   5.000000e-07   0.000000e+00   0.000000e+00   0.000000e+00
1.250000e-05   1.450000e-05   5.000000e-07   0.000000e+00   0.000000e+00   0.000000e+00
1.350000e-05   1.450000e-05   5.000000e-07   0.000000e+00   0.000000e+00   0.000000e+00
1.450000e-05   1.450000e-05   5.000000e-07   0.000000e+00   0.000000e+00   0.000000e+00
1.550000e-05   1.450000e-05   5.000000e-07   6.123234e-17   1.000000e+00   0.000000e+00
1.650000e-05   1.450000e-05   5.000000e-07   0.000000e+00   0.000000e+00   0.000000e+00
1.750000e-05   1.450000e-05   5.000000e-07   0.000000e+00   0.000000e+00   0.000000e+00
1.850000e-05   1.450000e-05   5.000000e-07   0.000000e+00   0.000000e+00   0.000000e+00
1.950000e-05   1.450000e-05   5.000000e-07   0.000000e+00   0.000000e+00   0.000000e+00
2.050000e-05   1.450000e-05   5.000000e-07   0.000000e+00   0.000000e+00   0.000000e+00
2.150000e-05   1.450000e-05   5.000000e-07   0.000000e+00   0.000000e+00   0.000000e+00
2.250000e-05   1.450000e-05   5.000000e-07   0.000000e+00   0.000000e+00   0.000000e+00
2.350000e-05   1.450000e-05   5.000000e-07   0.000000e+00   0.000000e+00   0.000000e+00
2.450000e-05   1.450000e-05   5.000000e-07   0.000000e+00   0.000000e+00   0.000000e+00
2.550000e-05   1.450000e-05   5.000000e-07   0.000000e+00   0.000000e+00   0.000000e+00
2.650000e-05   1.450000e-05   5.000000e-07   0.000000e+00   0.000000e+00   0.000000e+00
2.750000e-05   1.450000e-05   5.000000e-07   0.000000e+00   0.000000e+00   0.000000e+00
2.850000e-05   1.450000e-05   5.000000e-07   0.000000e+00   0.000000e+00   0.000000e+00
2.950000e-05   1.450000e-05   5.000000e-07   0.000000e+00   0.000000e+00   0.000000e+00
3.050000e-05   1.450000e-05   5.000000e-07   0.000000e+00   0.000000e+00   0.000000e+00
5.000000e-07   1.550000e-05   5.000000e-07   0.000000e+00   0.000000e+00   0.000000e+00
1.500000e-06   1.550000e-05   5.000000e-07   0.000000e+00   0.000000e+00   0.000000e+00
2.500000e-06   1.550000e-05   5.000000e-07   0.000000e+00   0.000000e+00   0.000000e+00
3.500000e-06   1.550000e-05   5.000000e-07   0.000000e+00   0.000000e+00   0.000000e+00
4.500000e-06   1.550000e-05   5.000000e-07   0.000000e+00   0.000000e+00   0.000000e+00
5.500000e-06   1.550000e-05   5.000000e-07   0.000000e+00   0.000000e+00   0.000000e+00
6.500000e-06   1.550000e-05   5.000000e-07   0.000000e+00   0.000000e+00   0.000000e+00
7.500000e-06   1.550000e-05   5.000000e-07   0.000000e+00   0.000000e+00   0.000000e+00
8.500000e-06   1.550000e-05   5.000000e-07   0.000000e+00   0.000000e+00   0.000000e+00
9.500000e-06   1.550000e-05   5.000000e-07   0.000000e+00   0.000000e+00   0.000000e+00
1.050000e-05   1.550000e-05   5.000000e-07   0.000000e+00   0.000000e+00   0.000000e+00
1.150000e-05   1.550000e-05   5.000000e-07   0.000000e+00   0.000000e+00   0.000000e+00
1.250000e-05   1.550000e-05   5.000000e-07   0.000000e+00   0.000000e+00   0.000000e+00
1.350000e-05   1.550000e-05   5.000000e-07   0.000000e+00   0.000000e+00   0.000000e+00
1.450000e-05   1.550000e-05   5.000000e-07   0.000000e+00   0.000000e+00   0.000000e+00
1.550000e-05   1.550000e-05   5.000000e-07   6.123234e-17   1.000000e+00   0.000000e+00
1.650000e-05   1.550000e-05   5.000000e-07   0.000000e+00   0.000000e+00   0.000000e+00
1.750000e-05   1.550000e-05   5.000000e-07   0.000000e+00   0.000000e+00   0.000000e+00
1.850000e-05   1.550000e-05   5.000000e-07   0.000000e+00   0.000000e+00   0.000000e+00
1.950000e-05   1.550000e-05   5.000000e-07   0.000000e+00   0.000000e+00   0.000000e+00
2.050000e-05   1.550000e-05   5.000000e-07   0.000000e+00   0.000000e+00   0.000000e+00
2.150000e-05   1.550000e-05   5.000000e-07   0.000000e+00   0.000000e+00   0.000000e+00
2.250000e-05   1.550000e-05   5.000000e-07   0.000000e+00   0.000000e+00   0.000000e+00
2.350000e-05   1.550000e-05   5.000000e-07   0.000000e+00   0.000000e+00   0.000000e+00
2.450000e-05   1.550000e-05   5.000000e-07   0.000000e+00   0.000000e+00   0.000000e+00
2.550000e-05   1.550000e-05   5.000000e-07   0.000000e+00   0.000000e+00   0.000000e+00
2.650000e-05   1.550000e-05   5.000000e-07   0.000000e+00   0.000000e+00   0.000000e+00
2.750000e-05   1.550000e-05   5.000000e-07   0.000000e+00   0.000000e+00   0.000000e+00
2.850000e-05   1.550000e-05   5.000000e-07   0.000000e+00   0.000000e+00   0.000000e+00
2.950000e-05   1.550000e-05   5.000000e-07   0.000000e+00   0.000000e+00   0.000000e+00
3.050000e-05   1.550000e-05   5.000000e-07   0.000000e+00   0.000000e+00   0.000000e+00
5.000000e-07   1.650000e-05   5.000000e-07   0.000000e+00   0.000000e+00   0.000000e+00
1.500000e-06   1.650000e-05   5.000000e-07   0.000000e+00   0.000000e+00   0.000000e+00
2.500000e-06   1.650000e-05   5.000000e-07   0.000000e+00   0.000000e+00   0.000000e+00
3.500000e-06   1.650000e-05   5.000000e-07   0.000000e+00   0.000000e+00   0.000000e+00
4.500000e-06   1.650000e-05   5.000000e-07   0.000000e+00   0.000000e+00   0.000000e+00
5.500000e-06   1.650000e-05   5.000000e-07   0.000000e+00   0.000000e+00   0.000000e+00
6.500000e-06   1.650000e-05   5.000000e-07   0.000000e+00   0.000000e+00   0.000000e+00
7.500000e-06   1.650000e-05   5.000000e-07   0.000000e+00   0.000000e+00   0.000000e+00
8.500000e-06   1.650000e-05   5.000000e-07   0.000000e+00   0.000000e+00   0.000000e+00
9.500000e-06   1.650000e-05   5.000000e-07   0.000000e+00   0.000000e+00   0.000000e+00
1.050000e-05   1.650000e-05   5.000000e-07   0.000000e+00   0.000000e+00   0.000000e+00
1.150000e-05   1.650000e-05   5.000000e-07   0.000000e+00   0.000000e+00   0.000000e+00
1.250000e-05   1.650000e-05   5.000000e-07   0.000000e+00   0.000000e+00   0.000000e+00
1.350000e-05   1.650000e-05   5.000000e-07   0.000000e+00   0.000000e+00   0.000000e+00
1.450000e-05   1.650000e-05   5.000000e-07   0.000000e+00   0.000000e+00   0.000000e+00
1.550000e-05   1.650000e-05   5.000000e-07   6.123234e-17   1.000000e+00   0.000000e+00
1.650000e-05   1.650000e-05   5.000000e-07   0.000000e+00   0.000000e+00   0.000000e+00
1.750000e-05   1.650000e-05   5.000000e-07   0.000000e+00   0.000000e+00   0.000000e+00
1.850000e-05   1.650000e-05   5.000000e-07   0.000000e+00   0.000000e+00   0.000000e+00
1.950000e-05   1.650000e-05   5.000000e-07   0.000000e+00   0.000000e+00   0.000000e+00
2.050000e-05   1.650000e-05   5.000000e-07   0.000000e+00   0.000000e+00   0.000000e+00
2.150000e-05   1.650000e-05   5.000000e-07   0.000000e+00   0.000000e+00   0.000000e+00
2.250000e-05   1.650000e-05   5.000000e-07   0.000000e+00   0.000000e+00   0.000000e+00
2.350000e-05   1.650000e-05   5.000000e-07   0.000000e+00   0.000000e+00   0.000000e+00
2.450000e-05   1.650000e-05   5.000000e-07   0.000000e+00   0.000000e+00   0.000000e+00
2.550000e-05   1.650000e-05   5.000000e-07   0.000000e+00   0.000000e+00   0.000000e+00
2.650000e-05   1.650000e-05   5.000000e-07   0.000000e+00   0.000000e+00   0.000000e+00
2.750000e-05   1.650000e-05   5.000000e-07   0.000000e+00   0.000000e+00   0.000000e+00
2.850000e-05   1.650000e-05   5.000000e-07   0.000000e+00   0.000000e+00   0.000000e+00
2.950000e-05   1.650000e-05   5.000000e-07   0.000000e+00   0.000000e+00   0.000000e+00
3.050000e-05   1.650000e-05   5.000000e-07   0.000000e+00   0.000000e+00   0.000000e+00
5.000000e-07   1.750000e-05   5.000000e-07   0.000000e+00   0.000000e+00   0.000000e+00
1.500000e-06   1.750000e-05   5.000000e-07   0.000000e+00   0.000000e+00   0.000000e+00
2.500000e-06   1.750000e-05   5.000000e-07   0.000000e+00   0.000000e+00   0.000000e+00
3.500000e-06   1.750000e-05   5.000000e-07   0.000000e+00   0.000000e+00   0.000000e+00
4.500000e-06   1.750000e-05   5.000000e-07   0.000000e+00   0.000000e+00   0.000000e+00
5.500000e-06   1.750000e-05   5.000000e-07   0.000000e+00   0.000000e+00   0.000000e+00
6.500000e-06   1.750000e-05   5.000000e-07   0.000000e+00   0.000000e+00   0.000000e+00
7.500000e-06   1.750000e-05   5.000000e-07   0.000000e+00   0.000000e+00   0.000000e+00
8.500000e-06   1.750000e-05   5.000000e-07   0.000000e+00   0.000000e+00   0.000000e+00
9.500000e-06   1.750000e-05   5.000000e-07   0.000000e+00   0.000000e+00   0.000000e+00
1.050000e-05   1.750000e-05   5.000000e-07   0.000000e+00   0.000000e+00   0.000000e+00
1.150000e-05   1.750000e-05   5.000000e-07   0.000000e+00   0.000000e+00   0.000000e+00
1.250000e-05   1.750000e-05   5.000000e-07   0.000000e+00   0.000000e+00   0.000000e+00
1.350000e-05   1.750000e-05   5.000000e-07   0.000000e+00   0.000000e+00   0.000000e+00
1.450000e-05   1.750000e-05   5.000000e-07   0.000000e+00   0.000000e+00   0.000000e+00
1.550000e-05   1.750000e-05   5.000000e-07   6.123234e-17   1.000000e+00   0.000000e+00
1.650000e-05   1.750000e-05   5.000000e-07   0.000000e+00   0.000000e+00   0.000000e+00
1.750000e-05   1.750000e-05   5.000000e-07   0.000000e+00   0.000000e+00   0.000000e+00
1.850000e-05   1.750000e-05   5.000000e-07   0.000000e+00   0.000000e+00   0.000000e+00
1.950000e-05   1.750000e-05   5.000000e-07   0.000000e+00   0.000000e+00   0.000000e+00
2.050000e-05   1.750000e-05   5.000000e-07   0.000000e+00   0.000000e+00   0.000000e+00
2.150000e-05   1.750000e-05   5.000000e-07   0.000000e+00   0.000000e+00   0.000000e+00
2.250000e-05   1.750000e-05   5.000000e-07   0.000000e+00   0.000000e+00   0.000000e+00
2.350000e-05   1.750000e-05   5.000000e-07   0.000000e+00   0.000000e+00   0.000000e+00
2.450000e-05   1.750000e-05   5.000000e-07   0.000000e+00   0.000000e+00   0.000000e+00
2.550000e-05   1.750000e-05   5.000000e-07   0.000000e+00   0.000000e+00   0.000000e+00
2.650000e-05   1.750000e-05   5.000000e-07   0.000000e+00   0.000000e+00   0.000000e+00
2.750000e-05   1.750000e-05   5.000000e-07   0.000000e+00   0.000000e+00   0.000000e+00
2.850000e-05   1.750000e-05   5.000000e-07   0.000000e+00   0.000000e+00   0.000000e+00
2.950000e-05   1.750000e-05   5.000000e-07   0.000000e+00   0.000000e+00   0.000000e+00
3.050000e-05   1.750000e-05   5.000000e-07   0.000000e+00   0.000000e+00   0.000000e+00
5.000000e-07   1.850000e-05   5.000000e-07   0.000000e+00   0.000000e+00   0.000000e+00
1.500000e-06   1.850000e-05   5.000000e-07   0.000000e+00   0.000000e+00   0.000000e+00
2.500000e-06   1.850000e-05   5.000000e-07   0.000000e+00   0.000000e+00   0.000000e+00
3.500000e-06   1.850000e-05   5.000000e-07   0.000000e+00   0.000000e+00   0.000000e+00
4.500000e-06   1.850000e-05   5.000000e-07   0.000000e+00   0.000000e+00   0.000000e+00
5.500000e-06   1.850000e-05   5.000000e-07   0.000000e+00   0.000000e+00   0.000000e+00
6.500000e-06   1.850000e-05   5.000000e-07   0.000000e+00   0.000000e+00   0.000000e+00
7.500000e-06   1.850000e-05   5.000000e-07   0.000000e+00   0.000000e+00   0.000000e+00
8.500000e-06   1.850000e-05   5.000000e-07   0.000000e+00   0.000000e+00   0.000000e+00
9.500000e-06   1.850000e-05   5.000000e-07   0.000000e+00   0.000000e+00   0.000000e+00
1.050000e-05   1.850000e-05   5.000000e-07   0.000000e+00   0.000000e+00   0.000000e+00
1.150000e-05   1.850000e-05   5.000000e-07   0.000000e+00   0.000000e+00   0.000000e+00
1.250000e-05   1.850000e-05   5.000000e-07   0.000000e+00   0.000000e+00   0.000000e+00
1.350000e-05   1.850000e-05   5.000000e-07   0.000000e+00   0.000000e+00   0.000000e+00
1.450000e-05   1.850000e-05   5.000000e-07   0.000000e+00   0.000000e+00   0.000000e+00
1.550000e-05   1.850000e-05   5.000000e-07   6.123234e-17   1.000000e+00   0.000000e+00
1.650000e-05   1.850000e-05   5.000000e-07   0.000000e+00   0.000000e+00   0.000000e+00
1.750000e-05   1.850000e-05   5.000000e-07   0.000000e+00   0.000000e+00   0.000000e+00
1.850000e-05   1.850000e-05   5.000000e-07   0.000000e+00   0.000000e+00   0.000000e+00
1.950000e-05   1.850000e-05   5.000000e-07   0.000000e+00   0.000000e+00   0.000000e+00
2.050000e-05   1.850000e-05   5.000000e-07   0.000000e+00   0.000000e+00   0.000000e+00
2.150000e-05   1.850000e-05   5.000000e-07   0.000000e+00   0.000000e+00   0.000000e+00
2.250000e-05   1.850000e-05   5.000000e-07   0.000000e+00   0.000000e+00   0.000000e+00
2.350000e-05   1.850000e-05   5.000000e-07   0.000000e+00   0.000000e+00   0.000000e+00
2.450000e-05   1.850000e-05   5.000000e-07   0.000000e+00   0.000000e+00   0.000000e+00
2.550000e-05   1.850000e-05   5.000000e-07   0.000000e+00   0.000000e+00   0.000000e+00
2.650000e-05   1.850000e-05   5.000000e-07   0.000000e+00   0.000000e+00   0.000000e+00
2.750000e-05   1.850000e-05   5.000000e-07   0.000000e+00   0.000000e+00   0.000000e+00
2.850000e-05   1.850000e-05   5.000000e-07   0.000000e+00   0.000000e+00   0.000000e+00
2.950000e-05   1.850000e-05   5.000000e-07   0.000000e+00   0.000000e+00   0.000000e+00
3.050000e-05   1.850000e-05   5.000000e-07   0.000000e+00   0.000000e+00   0.000000e+00
5.000000e-07   1.950000e-05   5.000000e-07   0.000000e+00   0.000000e+00   0.000000e+00
1.500000e-06   1.950000e-05   5.000000e-07   0.000000e+00   0.000000e+00   0.000000e+00
2.500000e-06   1.950000e-05   5.000000e-07   0.000000e+00   0.000000e+00   0.000000e+00
3.500000e-06   1.950000e-05   5.000000e-07   0.000000e+00   0.000000e+00   0.000000e+00
4.500000e-06   1.950000e-05   5.000000e-07   0.000000e+00   0.000000e+00   0.000000e+00
5.500000e-06   1.950000e-05   5.000000e-07   0.000000e+00   0.000000e+00   0.000000e+00
6.500000e-06   1.950000e-05   5.000000e-07   0.000000e+00   0.000000e+00   0.000000e+00
7.500000e-06   1.950000e-05   5.000000e-07   0.000000e+00   0.000000e+00   0.000000e+00
8.500000e-06   1.950000e-05   5.000000e-07   0.000000e+00   0.000000e+00   0.000000e+00
9.500000e-06   1.950000e-05   5.000000e-07   0.000000e+00   0.000000e+00   0.000000e+00
1.050000e-05   1.950000e-05   5.000000e-07   0.000000e+00   0.000000e+00   0.000000e+00
1.150000e-05   1.950000e-05   5.000000e-07   0.000000e+00   0.000000e+00   0.000000e+00
1.250000e-05   1.950000e-05   5.000000e-07   0.000000e+00   0.000000e+00   0.000000e+00
1.350000e-05   1.950000e-05   5.000000e-07   0.000000e+00   0.000000e+00   0.000000e+00
1.450000e-05   1.950000e-05   5.000000e-07   0.000000e+00   0.000000e+00   0.000000e+00
1.550000e-05   1.950000e-05   5.000000e-07   6.123234e-17   1.000000e+00   0.000000e+00
1.650000e-05   1.950000e-05   5.000000e-07   0.000000e+00   0.000000e+00   0.000000e+00
1.750000e-05   1.950000e-05   5.000000e-07   0.000000e+00   0.000000e+00   0.000000e+00
1.850000e-05   1.950000e-05   5.000000e-07   0.000000e+00   0.000000e+00   0.000000e+00
1.950000e-05   1.950000e-05   5.000000e-07   0.000000e+00   0.000000e+00   0.000000e+00
2.050000e-05   1.950000e-05   5.000000e-07   0.000000e+00   0.000000e+00   0.000000e+00
2.150000e-05   1.950000e-05   5.000000e-07   0.000000e+00   0.000000e+00   0.000000e+00
2.250000e-05   1.950000e-05   5.000000e-07   0.000000e+00   0.000000e+00   0.000000e+00
2.350000e-05   1.950000e-05   5.000000e-07   0.000000e+00   0.000000e+00   0.000000e+00
2.450000e-05   1.950000e-05   5.000000e-07   0.000000e+00   0.000000e+00   0.000000e+00
2.550000e-05   1.950000e-05   5.000000e-07   0.000000e+00   0.000000e+00   0.000000e+00
2.650000e-05   1.950000e-05   5.000000e-07   0.000000e+00   0.000000e+00   0.000000e+00
2.750000e-05   1.950000e-05   5.000000e-07   0.000000e+00   0.000000e+00   0.000000e+00
2.850000e-05   1.950000e-05   5.000000e-07   0.000000e+00   0.000000e+00   0.000000e+00
2.950000e-05   1.950000e-05   5.000000e-07   0.000000e+00   0.000000e+00   0.000000e+00
3.050000e-05   1.950000e-05   5.000000e-07   0.000000e+00   0.000000e+00   0.000000e+00
5.000000e-07   2.050000e-05   5.000000e-07   0.000000e+00   0.000000e+00   0.000000e+00
1.500000e-06   2.050000e-05   5.000000e-07   0.000000e+00   0.000000e+00   0.000000e+00
2.500000e-06   2.050000e-05   5.000000e-07   0.000000e+00   0.000000e+00   0.000000e+00
3.500000e-06   2.050000e-05   5.000000e-07   0.000000e+00   0.000000e+00   0.000000e+00
4.500000e-06   2.050000e-05   5.000000e-07   0.000000e+00   0.000000e+00   0.000000e+00
5.500000e-06   2.050000e-05   5.000000e-07   0.000000e+00   0.000000e+00   0.000000e+00
6.500000e-06   2.050000e-05   5.000000e-07   0.000000e+00   0.000000e+00   0.000000e+00
7.500000e-06   2.050000e-05   5.000000e-07   0.000000e+00   0.000000e+00   0.000000e+00
8.500000e-06   2.050000e-05   5.000000e-07   0.000000e+00   0.000000e+00   0.000000e+00
9.500000e-06   2.050000e-05   5.000000e-07   0.000000e+00   0.000000e+00   0.000000e+00
1.050000e-05   2.050000e-05   5.000000e-07   0.000000e+00   0.000000e+00   0.000000e+00
1.150000e-05   2.050000e-05   5.000000e-07   0.000000e+00   0.000000e+00   0.000000e+00
1.250000e-05   2.050000e-05   5.000000e-07   0.000000e+00   0.000000e+00   0.000000e+00
1.350000e-05   2.050000e-05   5.000000e-07   0.000000e+00   0.000000e+00   0.000000e+00
1.450000e-05   2.050000e-05   5.000000e-07   0.000000e+00   0.000000e+00   0.000000e+00
1.550000e-05   2.050000e-05   5.000000e-07   6.123234e-17   1.000000e+00   0.000000e+00
1.650000e-05   2.050000e-05   5.000000e-07   0.000000e+00   0.000000e+00   0.000000e+00
1.750000e-05   2.050000e-05   5.000000e-07   0.000000e+00   0.000000e+00   0.000000e+00
1.850000e-05   2.050000e-05   5.000000e-07   0.000000e+00   0.000000e+00   0.000000e+00
1.950000e-05   2.050000e-05   5.000000e-07   0.000000e+00   0.000000e+00   0.000000e+00
2.050000e-05   2.050000e-05   5.000000e-07   0.000000e+00   0.000000e+00   0.000000e+00
2.150000e-05   2.050000e-05   5.000000e-07   0.000000e+00   0.000000e+00   0.000000e+00
2.250000e-05   2.050000e-05   5.000000e-07   0.000000e+00   0.000000e+00   0.000000e+00
2.350000e-05   2.050000e-05   5.000000e-07   0.000000e+00   0.000000e+00   0.000000e+00
2.450000e-05   2.050000e-05   5.000000e-07   0.000000e+00   0.000000e+00   0.000000e+00
2.550000e-05   2.050000e-05   5.000000e-07   0.000000e+00   0.000000e+00   0.000000e+00
2.650000e-05   2.050000e-05   5.000000e-07   0.000000e+00   0.000000e+00   0.000000e+00
2.750000e-05   2.050000e-05   5.000000e-07   0.000000e+00   0.000000e+00   0.000000e+00
2.850000e-05   2.050000e-05   5.000000e-07   0.000000e+00   0.000000e+00   0.000000e+00
2.950000e-05   2.050000e-05   5.000000e-07   0.000000e+00   0.000000e+00   0.000000e+00
3.050000e-05   2.050000e-05   5.000000e-07   0.000000e+00   0.000000e+00   0.000000e+00
5.000000e-07   2.150000e-05   5.000000e-07   0.000000e+00   0.000000e+00   0.000000e+00
1.500000e-06   2.150000e-05   5.000000e-07   0.000000e+00   0.000000e+00   0.000000e+00
2.500000e-06   2.150000e-05   5.000000e-07   0.000000e+00   0.000000e+00   0.000000e+00
3.500000e-06   2.150000e-05   5.000000e-07   0.000000e+00   0.000000e+00   0.000000e+00
4.500000e-06   2.150000e-05   5.000000e-07   0.000000e+00   0.000000e+00   0.000000e+00
5.500000e-06   2.150000e-05   5.000000e-07   0.000000e+00   0.000000e+00   0.000000e+00
6.500000e-06   2.150000e-05   5.000000e-07   0.000000e+00   0.000000e+00   0.000000e+00
7.500000e-06   2.150000e-05   5.000000e-07   0.000000e+00   0.000000e+00   0.000000e+00
8.500000e-06   2.150000e-05   5.000000e-07   0.000000e+00   0.000000e+00   0.000000e+00
9.500000e-06   2.150000e-05   5.000000e-07   0.000000e+00   0.000000e+00   0.000000e+00
1.050000e-05   2.150000e-05   5.000000e-07   0.000000e+00   0.000000e+00   0.000000e+00
1.150000e-05   2.150000e-05   5.000000e-07   0.000000e+00   0.000000e+00   0.000000e+00
1.250000e-05   2.150000e-05   5.000000e-07   0.000000e+00   0.000000e+00   0.000000e+00
1.350000e-05   2.150000e-05   5.000000e-07   0.000000e+00   0.000000e+00   0.000000e+00
1.450000e-05   2.150000e-05   5.000000e-07   0.000000e+00   0.000000e+00   0.000000e+00
1.550000e-05   2.150000e-05   5.000000e-07   6.123234e-17   1.000000e+00   0.000000e+00
1.650000e-05   2.150000e-05   5.000000e-07   0.000000e+00   0.000000e+00   0.000000e+00
1.750000e-05   2.150000e-05   5.000000e-07   0.000000e+00   0.000000e+00   0.000000e+00
1.850000e-05   2.150000e-05   5.000000e-07   0.000000e+00   0.000000e+00   0.000000e+00
1.950000e-05   2.150000e-05   5.000000e-07   0.000000e+00   0.000000e+00   0.000000e+00
2.050000e-05   2.150000e-05   5.000000e-07   0.000000e+00   0.000000e+00   0.000000e+00
2.150000e-05   2.150000e-05   5.000000e-07   0.000000e+00   0.000000e+00   0.000000e+00
2.250000e-05   2.150000e-05   5.000000e-07   0.000000e+00   0.000000e+00   0.000000e+00
2.350000e-05   2.150000e-05   5.000000e-07   0.000000e+00   0.000000e+00   0.000000e+00
2.450000e-05   2.150000e-05   5.000000e-07   0.000000e+00   0.000000e+00   0.000000e+00
2.550000e-05   2.150000e-05   5.000000e-07   0.000000e+00   0.000000e+00   0.000000e+00
2.650000e-05   2.150000e-05   5.000000e-07   0.000000e+00   0.000000e+00   0.000000e+00
2.750000e-05   2.150000e-05   5.000000e-07   0.000000e+00   0.000000e+00   0.000000e+00
2.850000e-05   2.150000e-05   5.000000e-07   0.000000e+00   0.000000e+00   0.000000e+00
2.950000e-05   2.150000e-05   5.000000e-07   0.000000e+00   0.000000e+00   0.000000e+00
3.050000e-05   2.150000e-05   5.000000e-07   0.000000e+00   0.000000e+00   0.000000e+00
5.000000e-07   2.250000e-05   5.000000e-07   0.000000e+00   0.000000e+00   0.000000e+00
1.500000e-06   2.250000e-05   5.000000e-07   0.000000e+00   0.000000e+00   0.000000e+00
2.500000e-06   2.250000e-05   5.000000e-07   0.000000e+00   0.000000e+00   0.000000e+00
3.500000e-06   2.250000e-05   5.000000e-07   0.000000e+00   0.000000e+00   0.000000e+00
4.500000e-06   2.250000e-05   5.000000e-07   0.000000e+00   0.000000e+00   0.000000e+00
5.500000e-06   2.250000e-05   5.000000e-07   0.000000e+00   0.000000e+00   0.000000e+00
6.500000e-06   2.250000e-05   5.000000e-07   0.000000e+00   0.000000e+00   0.000000e+00
7.500000e-06   2.250000e-05   5.000000e-07   0.000000e+00   0.000000e+00   0.000000e+00
8.500000e-06   2.250000e-05   5.000000e-07   0.000000e+00   0.000000e+00   0.000000e+00
9.500000e-06   2.250000e-05   5.000000e-07   0.000000e+00   0.000000e+00   0.000000e+00
1.050000e-05   2.250000e-05   5.000000e-07   0.000000e+00   0.000000e+00   0.000000e+00
1.150000e-05   2.250000e-05   5.000000e-07   0.000000e+00   0.000000e+00   0.000000e+00
1.250000e-05   2.250000e-05   5.000000e-07   0.000000e+00   0.000000e+00   0.000000e+00
1.350000e-05   2.250000e-05   5.000000e-07   0.000000e+00   0.000000e+00   0.000000e+00
1.450000e-05   2.250000e-05   5.000000e-07   0.000000e+00   0.000000e+00   0.000000e+00
1.550000e-05   2.250000e-05   5.000000e-07   6.123234e-17   1.000000e+00   0.000000e+00
1.650000e-05   2.250000e-05   5.000000e-07   0.000000e+00   0.000000e+00   0.000000e+00
1.750000e-05   2.250000e-05   5.000000e-07   0.000000e+00   0.000000e+00   0.000000e+00
1.850000e-05   2.250000e-05   5.000000e-07   0.000000e+00   0.000000e+00   0.000000e+00
1.950000e-05   2.250000e-05   5.000000e-07   0.000000e+00   0.000000e+00   0.000000e+00
2.050000e-05   2.250000e-05   5.000000e-07   0.000000e+00   0.000000e+00   0.000000e+00
2.150000e-05   2.250000e-05   5.000000e-07   0.000000e+00   0.000000e+00   0.000000e+00
2.250000e-05   2.250000e-05   5.000000e-07   0.000000e+00   0.000000e+00   0.000000e+00
2.350000e-05   2.250000e-05   5.000000e-07   0.000000e+00   0.000000e+00   0.000000e+00
2.450000e-05   2.250000e-05   5.000000e-07   0.000000e+00   0.000000e+00   0.000000e+00
2.550000e-05   2.250000e-05   5.000000e-07   0.000000e+00   0.000000e+00   0.000000e+00
2.650000e-05   2.250000e-05   5.000000e-07   0.000000e+00   0.000000e+00   0.000000e+00
2.750000e-05   2.250000e-05   5.000000e-07   0.000000e+00   0.000000e+00   0.000000e+00
2.850000e-05   2.250000e-05   5.000000e-07   0.000000e+00   0.000000e+00   0.000000e+00
2.950000e-05   2.250000e-05   5.000000e-07   0.000000e+00   0.000000e+00   0.000000e+00
3.050000e-05   2.250000e-05   5.000000e-07   0.000000e+00   0.000000e+00   0.000000e+00
5.000000e-07   2.350000e-05   5.000000e-07   0.000000e+00   0.000000e+00   0.000000e+00
1.500000e-06   2.350000e-05   5.000000e-07   0.000000e+00   0.000000e+00   0.000000e+00
2.500000e-06   2.350000e-05   5.000000e-07   0.000000e+00   0.000000e+00   0.000000e+00
3.500000e-06   2.350000e-05   5.000000e-07   0.000000e+00   0.000000e+00   0.000000e+00
4.500000e-06   2.350000e-05   5.000000e-07   0.000000e+00   0.000000e+00   0.000000e+00
5.500000e-06   2.350000e-05   5.000000e-07   0.000000e+00   0.000000e+00   0.000000e+00
6.500000e-06   2.350000e-05   5.000000e-07   0.000000e+00   0.000000e+00   0.000000e+00
7.500000e-06   2.350000e-05   5.000000e-07   0.000000e+00   0.000000e+00   0.000000e+00
8.500000e-06   2.350000e-05   5.000000e-07   0.000000e+00   0.000000e+00   0.000000e+00
9.500000e-06   2.350000e-05   5.000000e-07   0.000000e+00   0.000000e+00   0.000000e+00
1.050000e-05   2.350000e-05   5.000000e-07   0.000000e+00   0.000000e+00   0.000000e+00
1.150000e-05   2.350000e-05   5.000000e-07   0.000000e+00   0.000000e+00   0.000000e+00
1.250000e-05   2.350000e-05   5.000000e-07   0.000000e+00   0.000000e+00   0.000000e+00
1.350000e-05   2.350000e-05   5.000000e-07   0.000000e+00   0.000000e+00   0.000000e+00
1.450000e-05   2.350000e-05   5.000000e-07   0.000000e+00   0.000000e+00   0.000000e+00
1.550000e-05   2.350000e-05   5.000000e-07   6.123234e-17   1.000000e+00   0.000000e+00
1.650000e-05   2.350000e-05   5.000000e-07   0.000000e+00   0.000000e+00   0.000000e+00
1.750000e-05   2.350000e-05   5.000000e-07   0.000000e+00   0.000000e+00   0.000000e+00
1.850000e-05   2.350000e-05   5.000000e-07   0.000000e+00   0.000000e+00   0.000000e+00
1.950000e-05   2.350000e-05   5.000000e-07   0.000000e+00   0.000000e+00   0.000000e+00
2.050000e-05   2.350000e-05   5.000000e-07   0.000000e+00   0.000000e+00   0.000000e+00
2.150000e-05   2.350000e-05   5.000000e-07   0.000000e+00   0.000000e+00   0.000000e+00
2.250000e-05   2.350000e-05   5.000000e-07   0.000000e+00   0.000000e+00   0.000000e+00
2.350000e-05   2.350000e-05   5.000000e-07   0.000000e+00   0.000000e+00   0.000000e+00
2.450000e-05   2.350000e-05   5.000000e-07   0.000000e+00   0.000000e+00   0.000000e+00
2.550000e-05   2.350000e-05   5.000000e-07   0.000000e+00   0.000000e+00   0.000000e+00
2.650000e-05   2.350000e-05   5.000000e-07   0.000000e+00   0.000000e+00   0.000000e+00
2.750000e-05   2.350000e-05   5.000000e-07   0.000000e+00   0.000000e+00   0.000000e+00
2.850000e-05   2.350000e-05   5.000000e-07   0.000000e+00   0.000000e+00   0.000000e+00
2.950000e-05   2.350000e-05   5.000000e-07   0.000000e+00   0.000000e+00   0.000000e+00
3.050000e-05   2.350000e-05   5.000000e-07   0.000000e+00   0.000000e+00   0.000000e+00
5.000000e-07   2.450000e-05   5.000000e-07   0.000000e+00   0.000000e+00   0.000000e+00
1.500000e-06   2.450000e-05   5.000000e-07   0.000000e+00   0.000000e+00   0.000000e+00
2.500000e-06   2.450000e-05   5.000000e-07   0.000000e+00   0.000000e+00   0.000000e+00
3.500000e-06   2.450000e-05   5.000000e-07   0.000000e+00   0.000000e+00   0.000000e+00
4.500000e-06   2.450000e-05   5.000000e-07   0.000000e+00   0.000000e+00   0.000000e+00
5.500000e-06   2.450000e-05   5.000000e-07   0.000000e+00   0.000000e+00   0.000000e+00
6.500000e-06   2.450000e-05   5.000000e-07   0.000000e+00   0.000000e+00   0.000000e+00
7.500000e-06   2.450000e-05   5.000000e-07   0.000000e+00   0.000000e+00   0.000000e+00
8.500000e-06   2.450000e-05   5.000000e-07   0.000000e+00   0.000000e+00   0.000000e+00
9.500000e-06   2.450000e-05   5.000000e-07   0.000000e+00   0.000000e+00   0.000000e+00
1.050000e-05   2.450000e-05   5.000000e-07   0.000000e+00   0.000000e+00   0.000000e+00
1.150000e-05   2.450000e-05   5.000000e-07   0.000000e+00   0.000000e+00   0.000000e+00
1.250000e-05   2.450000e-05   5.000000e-07   0.000000e+00   0.000000e+00   0.000000e+00
1.350000e-05   2.450000e-05   5.000000e-07   0.000000e+00   0.000000e+00   0.000000e+00
1.450000e-05   2.450000e-05   5.000000e-07   0.000000e+00   0.000000e+00   0.000000e+00
1.550000e-05   2.450000e-05   5.000000e-07   6.123234e-17   1.000000e+00   0.000000e+00
1.650000e-05   2.450000e-05   5.000000e-07   0.000000e+00   0.000000e+00   0.000000e+00
1.750000e-05   2.450000e-05   5.000000e-07   0.000000e+00   0.000000e+00   0.000000e+00
1.850000e-05   2.450000e-05   5.000000e-07   0.000000e+00   0.000000e+00   0.000000e+00
1.950000e-05   2.450000e-05   5.000000e-07   0.000000e+00   0.000000e+00   0.000000e+00
2.050000e-05   2.450000e-05   5.000000e-07   0.000000e+00   0.000000e+00   0.000000e+00
2.150000e-05   2.450000e-05   5.000000e-07   0.000000e+00   0.000000e+00   0.000000e+00
2.250000e-05   2.450000e-05   5.000000e-07   0.000000e+00   0.000000e+00   0.000000e+00
2.350000e-05   2.450000e-05   5.000000e-07   0.000000e+00   0.000000e+00   0.000000e+00
2.450000e-05   2.450000e-05   5.000000e-07   0.000000e+00   0.000000e+00   0.000000e+00
2.550000e-05   2.450000e-05   5.000000e-07   0.000000e+00   0.000000e+00   0.000000e+00
2.650000e-05   2.450000e-05   5.000000e-07   0.000000e+00   0.000000e+00   0.000000e+00
2.750000e-05   2.450000e-05   5.000000e-07   0.000000e+00   0.000000e+00   0.000000e+00
2.850000e-05   2.450000e-05   5.000000e-07   0.000000e+00   0.000000e+00   0.000000e+00
2.950000e-05   2.450000e-05   5.000000e-07   0.000000e+00   0.000000e+00   0.000000e+00
3.050000e-05   2.450000e-05   5.000000e-07   0.000000e+00   0.000000e+00   0.000000e+00
5.000000e-07   2.550000e-05   5.000000e-07   0.000000e+00   0.000000e+00   0.000000e+00
1.500000e-06   2.550000e-05   5.000000e-07   0.000000e+00   0.000000e+00   0.000000e+00
2.500000e-06   2.550000e-05   5.000000e-07   0.000000e+00   0.000000e+00   0.000000e+00
3.500000e-06   2.550000e-05   5.000000e-07   0.000000e+00   0.000000e+00   0.000000e+00
4.500000e-06   2.550000e-05   5.000000e-07   0.000000e+00   0.000000e+00   0.000000e+00
5.500000e-06   2.550000e-05   5.000000e-07   0.000000e+00   0.000000e+00   0.000000e+00
6.500000e-06   2.550000e-05   5.000000e-07   0.000000e+00   0.000000e+00   0.000000e+00
7.500000e-06   2.550000e-05   5.000000e-07   0.000000e+00   0.000000e+00   0.000000e+00
8.500000e-06   2.550000e-05   5.000000e-07   0.000000e+00   0.000000e+00   0.000000e+00
9.500000e-06   2.550000e-05   5.000000e-07   0.000000e+00   0.000000e+00   0.000000e+00
1.050000e-05   2.550000e-05   5.000000e-07   0.000000e+00   0.000000e+00   0.000000e+00
1.150000e-05   2.550000e-05   5.000000e-07   0.000000e+00   0.000000e+00   0.000000e+00
1.250000e-05   2.550000e-05   5.000000e-07   0.000000e+00   0.000000e+00   0.000000e+00
1.350000e-05   2.550000e-05   5.000000e-07   0.000000e+00   0.000000e+00   0.000000e+00
1.450000e-05   2.550000e-05   5.000000e-07   0.000000e+00   0.000000e+00   0.000000e+00
1.550000e-05   2.550000e-05   5.000000e-07   6.123234e-17   1.000000e+00   0.000000e+00
1.650000e-05   2.550000e-05   5.000000e-07   0.000000e+00   0.000000e+00   0.000000e+00
1.750000e-05   2.550000e-05   5.000000e-07   0.000000e+00   0.000000e+00   0.000000e+00
1.850000e-05   2.550000e-05   5.000000e-07   0.000000e+00   0.000000e+00   0.000000e+00
1.950000e-05   2.550000e-05   5.000000e-07   0.000000e+00   0.000000e+00   0.000000e+00
2.050000e-05   2.550000e-05   5.000000e-07   0.000000e+00   0.000000e+00   0.000000e+00
2.150000e-05   2.550000e-05   5.000000e-07   0.000000e+00   0.000000e+00   0.000000e+00
2.250000e-05   2.550000e-05   5.000000e-07   0.000000e+00   0.000000e+00   0.000000e+00
2.350000e-05   2.550000e-05   5.000000e-07   0.000000e+00   0.000000e+00   0.000000e+00
2.450000e-05   2.550000e-05   5.000000e-07   0.000000e+00   0.000000e+00   0.000000e+00
2.550000e-05   2.550000e-05   5.000000e-07   0.000000e+00   0.000000e+00   0.000000e+00
2.650000e-05   2.550000e-05   5.000000e-07   0.000000e+00   0.000000e+00   0.000000e+00
2.750000e-05   2.550000e-05   5.000000e-07   0.000000e+00   0.000000e+00   0.000000e+00
2.850000e-05   2.550000e-05   5.000000e-07   0.000000e+00   0.000000e+00   0.000000e+00
2.950000e-05   2.550000e-05   5.000000e-07   0.000000e+00   0.000000e+00   0.000000e+00
3.050000e-05   2.550000e-05   5.000000e-07   0.000000e+00   0.000000e+00   0.000000e+00
5.000000e-07   2.650000e-05   5.000000e-07   0.000000e+00   0.000000e+00   0.000000e+00
1.500000e-06   2.650000e-05   5.000000e-07   0.000000e+00   0.000000e+00   0.000000e+00
2.500000e-06   2.650000e-05   5.000000e-07   0.000000e+00   0.000000e+00   0.000000e+00
3.500000e-06   2.650000e-05   5.000000e-07   0.000000e+00   0.000000e+00   0.000000e+00
4.500000e-06   2.650000e-05   5.000000e-07   0.000000e+00   0.000000e+00   0.000000e+00
5.500000e-06   2.650000e-05   5.000000e-07   0.000000e+00   0.000000e+00   0.000000e+00
6.500000e-06   2.650000e-05   5.000000e-07   0.000000e+00   0.000000e+00   0.000000e+00
7.500000e-06   2.650000e-05   5.000000e-07   0.000000e+00   0.000000e+00   0.000000e+00
8.500000e-06   2.650000e-05   5.000000e-07   0.000000e+00   0.000000e+00   0.000000e+00
9.500000e-06   2.650000e-05   5.000000e-07   0.000000e+00   0.000000e+00   0.000000e+00
1.050000e-05   2.650000e-05   5.000000e-07   0.000000e+00   0.000000e+00   0.000000e+00
1.150000e-05   2.650000e-05   5.000000e-07   0.000000e+00   0.000000e+00   0.000000e+00
1.250000e-05   2.650000e-05   5.000000e-07   0.000000e+00   0.000000e+00   0.000000e+00
1.350000e-05   2.650000e-05   5.000000e-07   0.000000e+00   0.000000e+00   0.000000e+00
1.450000e-05   2.650000e-05   5.000000e-07   0.000000e+00   0.000000e+00   0.000000e+00
1.550000e-05   2.650000e-05   5.000000e-07   6.123234e-17   1.000000e+00   0.000000e+00
1.650000e-05   2.650000e-05   5.000000e-07   0.000000e+00   0.000000e+00   0.000000e+00
1.750000e-05   2.650000e-05   5.000000e-07   0.000000e+00   0.000000e+00   0.000000e+00
1.850000e-05   2.650000e-05   5.000000e-07   0.000000e+00   0.000000e+00   0.000000e+00
1.950000e-05   2.650000e-05   5.000000e-07   0.000000e+00   0.000000e+00   0.000000e+00
2.050000e-05   2.650000e-05   5.000000e-07   0.000000e+00   0.000000e+00   0.000000e+00
2.150000e-05   2.650000e-05   5.000000e-07   0.000000e+00   0.000000e+00   0.000000e+00
2.250000e-05   2.650000e-05   5.000000e-07   0.000000e+00   0.000000e+00   0.000000e+00
2.350000e-05   2.650000e-05   5.000000e-07   0.000000e+00   0.000000e+00   0.000000e+00
2.450000e-05   2.650000e-05   5.000000e-07   0.000000e+00   0.000000e+00   0.000000e+00
2.550000e-05   2.650000e-05   5.000000e-07   0.000000e+00   0.000000e+00   0.000000e+00
2.650000e-05   2.650000e-05   5.000000e-07   0.000000e+00   0.000000e+00   0.000000e+00
2.750000e-05   2.650000e-05   5.000000e-07   0.000000e+00   0.000000e+00   0.000000e+00
2.850000e-05   2.650000e-05   5.000000e-07   0.000000e+00   0.000000e+00   0.000000e+00
2.950000e-05   2.650000e-05   5.000000e-07   0.000000e+00   0.000000e+00   0.000000e+00
3.050000e-05   2.650000e-05   5.000000e-07   0.000000e+00   0.000000e+00   0.000000e+00
5.000000e-07   2.750000e-05   5.000000e-07   0.000000e+00   0.000000e+00   0.000000e+00
1.500000e-06   2.750000e-05   5.000000e-07   0.000000e+00   0.000000e+00   0.000000e+00
2.500000e-06   2.750000e-05   5.000000e-07   0.000000e+00   0.000000e+00   0.000000e+00
3.500000e-06   2.750000e-05   5.000000e-07   0.000000e+00   0.000000e+00   0.000000e+00
4.500000e-06   2.750000e-05   5.000000e-07   0.000000e+00   0.000000e+00   0.000000e+00
5.500000e-06   2.750000e-05   5.000000e-07   0.000000e+00   0.000000e+00   0.000000e+00
6.500000e-06   2.750000e-05   5.000000e-07   0.000000e+00   0.000000e+00   0.000000e+00
7.500000e-06   2.750000e-05   5.000000e-07   0.000000e+00   0.000000e+00   0.000000e+00
8.500000e-06   2.750000e-05   5.000000e-07   0.000000e+00   0.000000e+00   0.000000e+00
9.500000e-06   2.750000e-05   5.000000e-07   0.000000e+00   0.000000e+00   0.000000e+00
1.050000e-05   2.750000e-05   5.000000e-07   0.000000e+00   0.000000e+00   0.000000e+00
1.150000e-05   2.750000e-05   5.000000e-07   0.000000e+00   0.000000e+00   0.000000e+00
1.250000e-05   2.750000e-05   5.000000e-07   0.000000e+00   0.000000e+00   0.000000e+00
1.350000e-05   2.750000e-05   5.000000e-07   0.000000e+00   0.000000e+00   0.000000e+00
1.450000e-05   2.750000e-05   5.000000e-07   0.000000e+00   0.000000e+00   0.000000e+00
1.550000e-05   2.750000e-05   5.000000e-07   6.123234e-17   1.000000e+00   0.000000e+00
1.650000e-05   2.750000e-05   5.000000e-07   0.000000e+00   0.000000e+00   0.000000e+00
1.750000e-05   2.750000e-05   5.000000e-07   0.000000e+00   0.000000e+00   0.000000e+00
1.850000e-05   2.750000e-05   5.000000e-07   0.000000e+00   0.000000e+00   0.000000e+00
1.950000e-05   2.750000e-05   5.000000e-07   0.000000e+00   0.000000e+00   0.000000e+00
2.050000e-05   2.750000e-05   5.000000e-07   0.000000e+00   0.000000e+00   0.000000e+00
2.150000e-05   2.750000e-05   5.000000e-07   0.000000e+00   0.000000e+00   0.000000e+00
2.250000e-05   2.750000e-05   5.000000e-07   0.000000e+00   0.000000e+00   0.000000e+00
2.350000e-05   2.750000e-05   5.000000e-07   0.000000e+00   0.000000e+00   0.000000e+00
2.450000e-05   2.750000e-05   5.000000e-07   0.000000e+00   0.000000e+00   0.000000e+00
2.550000e-05   2.750000e-05   5.000000e-07   0.000000e+00   0.000000e+00   0.000000e+00
2.650000e-05   2.750000e-05   5.000000e-07   0.000000e+00   0.000000e+00   0.000000e+00
2.750000e-05   2.750000e-05   5.000000e-07   0.000000e+00   0.000000e+00   0.000000e+00
2.850000e-05   2.750000e-05   5.000000e-07   0.000000e+00   0.000000e+00   0.000000e+00
2.950000e-05   2.750000e-05   5.000000e-07   0.000000e+00   0.000000e+00   0.000000e+00
3.050000e-05   2.750000e-05   5.000000e-07   0.000000e+00   0.000000e+00   0.000000e+00
5.000000e-07   2.850000e-05   5.000000e-07   0.000000e+00   0.000000e+00   0.000000e+00
1.500000e-06   2.850000e-05   5.000000e-07   0.000000e+00   0.000000e+00   0.000000e+00
2.500000e-06   2.850000e-05   5.000000e-07   0.000000e+00   0.000000e+00   0.000000e+00
3.500000e-06   2.850000e-05   5.000000e-07   0.000000e+00   0.000000e+00   0.000000e+00
4.500000e-06   2.850000e-05   5.000000e-07   0.000000e+00   0.000000e+00   0.000000e+00
5.500000e-06   2.850000e-05   5.000000e-07   0.000000e+00   0.000000e+00   0.000000e+00
6.500000e-06   2.850000e-05   5.000000e-07   0.000000e+00   0.000000e+00   0.000000e+00
7.500000e-06   2.850000e-05   5.000000e-07   0.000000e+00   0.000000e+00   0.000000e+00
8.500000e-06   2.850000e-05   5.000000e-07   0.000000e+00   0.000000e+00   0.000000e+00
9.500000e-06   2.850000e-05   5.000000e-07   0.000000e+00   0.000000e+00   0.000000e+00
1.050000e-05   2.850000e-05   5.000000e-07   0.000000e+00   0.000000e+00   0.000000e+00
1.150000e-05   2.850000e-05   5.000000e-07   0.000000e+00   0.000000e+00   0.000000e+00
1.250000e-05   2.850000e-05   5.000000e-07   0.000000e+00   0.000000e+00   0.000000e+00
1.350000e-05   2.850000e-05   5.000000e-07   0.000000e+00   0.000000e+00   0.000000e+00
1.450000e-05   2.850000e-05   5.000000e-07   0.000000e+00   0.000000e+00   0.000000e+00
1.550000e-05   2.850000e-05   5.000000e-07   6.123234e-17   1.000000e+00   0.000000e+00
1.650000e-05   2.850000e-05   5.000000e-07   0.000000e+00   0.000000e+00   0.000000e+00
1.750000e-05   2.850000e-05   5.000000e-07   0.000000e+00   0.000000e+00   0.000000e+00
1.850000e-05   2.850000e-05   5.000000e-07   0.000000e+00   0.000000e+00   0.000000e+00
1.950000e-05   2.850000e-05   5.000000e-07   0.000000e+00   0.000000e+00   0.000000e+00
2.050000e-05   2.850000e-05   5.000000e-07   0.000000e+00   0.000000e+00   0.000000e+00
2.150000e-05   2.850000e-05   5.000000e-07   0.000000e+00   0.000000e+00   0.000000e+00
2.250000e-05   2.850000e-05   5.000000e-07   0.000000e+00   0.000000e+00   0.000000e+00
2.350000e-05   2.850000e-05   5.000000e-07   0.000000e+00   0.000000e+00   0.000000e+00
2.450000e-05   2.850000e-05   5.000000e-07   0.000000e+00   0.000000e+00   0.000000e+00
2.550000e-05   2.850000e-05   5.000000e-07   0.000000e+00   0.000000e+00   0.000000e+00
2.650000e-05   2.850000e-05   5.000000e-07   0.000000e+00   0.000000e+00   0.000000e+00
2.750000e-05   2.850000e-05   5.000000e-07   0.000000e+00   0.000000e+00   0.000000e+00
2.850000e-05   2.850000e-05   5.000000e-07   0.000000e+00   0.000000e+00   0.000000e+00
2.950000e-05   2.850000e-05   5.000000e-07   0.000000e+00   0.000000e+00   0.000000e+00
3.050000e-05   2.850000e-05   5.000000e-07   0.000000e+00   0.000000e+00   0.000000e+00
5.000000e-07   2.950000e-05   5.000000e-07   0.000000e+00   0.000000e+00   0.000000e+00
1.500000e-06   2.950000e-05   5.000000e-07   0.000000e+00   0.000000e+00   0.000000e+00
2.500000e-06   2.950000e-05   5.000000e-07   0.000000e+00   0.000000e+00   0.000000e+00
3.500000e-06   2.950000e-05   5.000000e-07   0.000000e+00   0.000000e+00   0.000000e+00
4.500000e-06   2.950000e-05   5.000000e-07   0.000000e+00   0.000000e+00   0.000000e+00
5.500000e-06   2.950000e-05   5.000000e-07   0.000000e+00   0.000000e+00   0.000000e+00
6.500000e-06   2.950000e-05   5.000000e-07   0.000000e+00   0.000000e+00   0.000000e+00
7.500000e-06   2.950000e-05   5.000000e-07   0.000000e+00   0.000000e+00   0.000000e+00
8.500000e-06   2.950000e-05   5.000000e-07   0.000000e+00   0.000000e+00   0.000000e+00
9.500000e-06   2.950000e-05   5.000000e-07   0.000000e+00   0.000000e+00   0.000000e+00
1.050000e-05   2.950000e-05   5.000000e-07   0.000000e+00   0.000000e+00   0.000000e+00
1.150000e-05   2.950000e-05   5.000000e-07   0.000000e+00   0.000000e+00   0.000000e+00
1.250000e-05   2.950000e-05   5.000000e-07   0.000000e+00   0.000000e+00   0.000000e+00
1.350000e-05   2.950000e-05   5.000000e-07   0.000000e+00   0.000000e+00   0.000000e+00
1.450000e-05   2.950000e-05   5.000000e-07   0.000000e+00   0.000000e+00   0.000000e+00
1.550000e-05   2.950000e-05   5.000000e-07   6.123234e-17   1.000000e+00   0.000000e+00
1.650000e-05   2.950000e-05   5.000000e-07   0.000000e+00   0.000000e+00   0.000000e+00
1.750000e-05   2.950000e-05   5.000000e-07   0.000000e+00   0.000000e+00   0.000000e+00
1.850000e-05   2.950000e-05   5.000000e-07   0.000000e+00   0.000000e+00   0.000000e+00
1.950000e-05   2.950000e-05   5.000000e-07   0.000000e+00   0.000000e+00   0.000000e+00
2.050000e-05   2.950000e-05   5.000000e-07   0.000000e+00   0.000000e+00   0.000000e+00
2.150000e-05   2.950000e-05   5.000000e-07   0.000000e+00   0.000000e+00   0.000000e+00
2.250000e-05   2.950000e-05   5.000000e-07   0.000000e+00   0.000000e+00   0.000000e+00
2.350000e-05   2.950000e-05   5.000000e-07   0.000000e+00   0.000000e+00   0.000000e+00
2.450000e-05   2.950000e-05   5.000000e-07   0.000000e+00   0.000000e+00   0.000000e+00
2.550000e-05   2.950000e-05   5.000000e-07   0.000000e+00   0.000000e+00   0.000000e+00
2.650000e-05   2.950000e-05   5.000000e-07   0.000000e+00   0.000000e+00   0.000000e+00
2.750000e-05   2.950000e-05   5.000000e-07   0.000000e+00   0.000000e+00   0.000000e+00
2.850000e-05   2.950000e-05   5.000000e-07   0.000000e+00   0.000000e+00   0.000000e+00
2.950000e-05   2.950000e-05   5.000000e-07   0.000000e+00   0.000000e+00   0.000000e+00
3.050000e-05   2.950000e-05   5.000000e-07   0.000000e+00   0.000000e+00   0.000000e+00
5.000000e-07   3.050000e-05   5.000000e-07   0.000000e+00   0.000000e+00   0.000000e+00
1.500000e-06   3.050000e-05   5.000000e-07   0.000000e+00   0.000000e+00   0.000000e+00
2.500000e-06   3.050000e-05   5.000000e-07   0.000000e+00   0.000000e+00   0.000000e+00
3.500000e-06   3.050000e-05   5.000000e-07   0.000000e+00   0.000000e+00   0.000000e+00
4.500000e-06   3.050000e-05   5.000000e-07   0.000000e+00   0.000000e+00   0.000000e+00
5.500000e-06   3.050000e-05   5.000000e-07   0.000000e+00   0.000000e+00   0.000000e+00
6.500000e-06   3.050000e-05   5.000000e-07   0.000000e+00   0.000000e+00   0.000000e+00
7.500000e-06   3.050000e-05   5.000000e-07   0.000000e+00   0.000000e+00   0.000000e+00
8.500000e-06   3.050000e-05   5.000000e-07   0.000000e+00   0.000000e+00   0.000000e+00
9.500000e-06   3.050000e-05   5.000000e-07   0.000000e+00   0.000000e+00   0.000000e+00
1.050000e-05   3.050000e-05   5.000000e-07   0.000000e+00   0.000000e+00   0.000000e+00
1.150000e-05   3.050000e-05   5.000000e-07   0.000000e+00   0.000000e+00   0.000000e+00
1.250000e-05   3.050000e-05   5.000000e-07   0.000000e+00   0.000000e+00   0.000000e+00
1.350000e-05   3.050000e-05   5.000000e-07   0.000000e+00   0.000000e+00   0.000000e+00
1.450000e-05   3.050000e-05   5.000000e-07   0.000000e+00   0.000000e+00   0.000000e+00
1.550000e-05   3.050000e-05   5.000000e-07   6.123234e-17   1.000000e+00   0.000000e+00
1.650000e-05   3.050000e-05   5.000000e-07   0.000000e+00   0.000000e+00   0.000000e+00
1.750000e-05   3.050000e-05   5.000000e-07   0.000000e+00   0.000000e+00   0.000000e+00
1.850000e-05   3.050000e-05   5.000000e-07   0.000000e+00   0.000000e+00   0.000000e+00
1.950000e-05   3.050000e-05   5.000000e-07   0.000000e+00   0.000000e+00   0.000000e+00
2.050000e-05   3.050000e-05   5.000000e-07   0.000000e+00   0.000000e+00   0.000000e+00
2.150000e-05   3.050000e-05   5.000000e-07   0.000000e+00   0.000000e+00   0.000000e+00
2.250000e-05   3.050000e-05   5.000000e-07   0.000000e+00   0.000000e+00   0.000000e+00
2.350000e-05   3.050000e-05   5.000000e-07   0.000000e+00   0.000000e+00   0.000000e+00
2.450000e-05   3.050000e-05   5.000000e-07   0.000000e+00   0.000000e+00   0.000000e+00
2.550000e-05   3.050000e-05   5.000000e-07   0.000000e+00   0.000000e+00   0.000000e+00
2.650000e-05   3.050000e-05   5.000000e-07   0.000000e+00   0.000000e+00   0.000000e+00
2.750000e-05   3.050000e-05   5.000000e-07   0.000000e+00   0.000000e+00   0.000000e+00
2.850000e-05   3.050000e-05   5.000000e-07   0.000000e+00   0.000000e+00   0.000000e+00
2.950000e-05   3.050000e-05   5.000000e-07   0.000000e+00   0.000000e+00   0.000000e+00
3.050000e-05   3.050000e-05   5.000000e-07   0.000000e+00   0.000000e+00   0.000000e+00
